 DVG (c)BIV v*.* 2012

 Distribution: [0] Read Input File
 File: F:\research\data_reversed.txt
 Time type: [2] Left Point
 View type: [0] Look Down
 File type: [0] Just Interval Data
 Points: 10001
 Source Data Statistic
 SDS: Simple Data Statistic: Dat:      0.502	  (Err=   0.579, Qty= 10001, Min= 4.67e-05, Max=       1)
 SDS: Hurst (for equidistant data): 0.520064
 Full Visual Graph Parameters
 FAS: Degree:       5.16	  (Err=   0.737, Qty= 10001, Min=       2, Max=      35)
 FAS: DegRel:          1	  (Err=   0.737, Qty= 10001, Min=   0.387, Max=    6.78)
 FAS: Angles:       5.09	  (Err=    5.81, Qty= 25817, Min=     -45, Max=      90)
 FAS: Length:       5.47	  (Err=    7.07, Qty= 51634, Min= 4.67e-05, Max= 2.54e+03)
 FAS: LenRel:          1	  (Err=    7.07, Qty= 51634, Min= 8.54e-06, Max=     465)
 FAS: LInterval:       11.2	  (Err=    6.84, Qty= 51634, Min=       1, Max= 5.01e+03)
 FAS: LInterRel:          1	  (Err=    6.84, Qty= 51634, Min=  0.0892, Max=     447)
 FAS: Thickness:       28.9	  (Err=   0.299, Qty= 10001, Min=       0, Max=      63)
 FAS: ThickRel:          1	  (Err=   0.299, Qty= 10001, Min=       0, Max=    2.18)
 FAS: NodeStack:       26.4	  (Err=   0.336, Qty= 10001, Min=       0, Max=      62)
 FAS: ClustSize:          1	  (Err=       0, Qty= 1, Min=       1, Max=       1)
 FAS: ClustQty:          1	  (Err=       0, Qty= 1, Min=       1, Max=       1)
 FAS: Triangles:       6.99	  (Err=    1.11, Qty= 10001, Min=       1, Max=      67)
 FAS: Connectiv:      0.727	  (Err=   0.368, Qty= 10001, Min=   0.106, Max=       1)
 FAS: HurstPnts:       1.01	  (Err=   0.395, Qty= 44, Min=   0.378, Max=    1.69)
 FAS: HurstExp:      0.432	  (Err=       0, Qty= 1, Min=   0.432, Max=   0.432)
 FAS: Ass.Nmn:       2.56	  (Err=       0, Qty= 1, Min=    2.56, Max=    2.56)
 FAS: Ass.Stud:      0.254	  (Err=       0, Qty= 1, Min=   0.254, Max=   0.254)
>>>>  Angle          Degree	      DegRel	      Angles	      Length	      LenRel	   LInterval	   LInterRel	   Thickness	    ThickRel	   NodeStack	   ClustSize	    ClustQty	   Triangles	   Connectiv	   HurstPnts	    HurstExp	     Ass.Nmn	    Ass.Stud	
      -90	           0	           0	           0	           0	           0	           0	           0	           0	           0	           0	           0	           0	           0	           0	           0	           0	           0	           0	        0	        0	        0	        0	        0	        0	        0	  
      -89	           0	           0	           0	           0	           0	           0	           0	           0	           0	           0	           0	           0	           0	           0	           0	           0	           0	           0	        0	        0	        0	        0	        0	        0	        0	  
      -88	           0	           0	           0	           0	           0	           0	           0	           0	           0	           0	           0	           0	           0	           0	           0	           0	           0	           0	        0	        0	        0	        0	        0	        0	        0	  
      -87	           0	           0	           0	           0	           0	           0	           0	           0	           0	           0	           0	           0	           0	           0	           0	           0	           0	           0	        0	        0	        0	        0	        0	        0	        0	  
      -86	           0	           0	           0	           0	           0	           0	           0	           0	           0	           0	           0	           0	           0	           0	           0	           0	           0	           0	        0	        0	        0	        0	        0	        0	        0	  
      -85	           0	           0	           0	           0	           0	           0	           0	           0	           0	           0	           0	           0	           0	           0	           0	           0	           0	           0	        0	        0	        0	        0	        0	        0	        0	  
      -84	           0	           0	           0	           0	           0	           0	           0	           0	           0	           0	           0	           0	           0	           0	           0	           0	           0	           0	        0	        0	        0	        0	        0	        0	        0	  
      -83	           0	           0	           0	           0	           0	           0	           0	           0	           0	           0	           0	           0	           0	           0	           0	           0	           0	           0	        0	        0	        0	        0	        0	        0	        0	  
      -82	           0	           0	           0	           0	           0	           0	           0	           0	           0	           0	           0	           0	           0	           0	           0	           0	           0	           0	        0	        0	        0	        0	        0	        0	        0	  
      -81	           0	           0	           0	           0	           0	           0	           0	           0	           0	           0	           0	           0	           0	           0	           0	           0	           0	           0	        0	        0	        0	        0	        0	        0	        0	  
      -80	           0	           0	           0	           0	           0	           0	           0	           0	           0	           0	           0	           0	           0	           0	           0	           0	           0	           0	        0	        0	        0	        0	        0	        0	        0	  
      -79	           0	           0	           0	           0	           0	           0	           0	           0	           0	           0	           0	           0	           0	           0	           0	           0	           0	           0	        0	        0	        0	        0	        0	        0	        0	  
      -78	           0	           0	           0	           0	           0	           0	           0	           0	           0	           0	           0	           0	           0	           0	           0	           0	           0	           0	        0	        0	        0	        0	        0	        0	        0	  
      -77	           0	           0	           0	           0	           0	           0	           0	           0	           0	           0	           0	           0	           0	           0	           0	           0	           0	           0	        0	        0	        0	        0	        0	        0	        0	  
      -76	           0	           0	           0	           0	           0	           0	           0	           0	           0	           0	           0	           0	           0	           0	           0	           0	           0	           0	        0	        0	        0	        0	        0	        0	        0	  
      -75	           0	           0	           0	           0	           0	           0	           0	           0	           0	           0	           0	           0	           0	           0	           0	           0	           0	           0	        0	        0	        0	        0	        0	        0	        0	  
      -74	           0	           0	           0	           0	           0	           0	           0	           0	           0	           0	           0	           0	           0	           0	           0	           0	           0	           0	        0	        0	        0	        0	        0	        0	        0	  
      -73	           0	           0	           0	           0	           0	           0	           0	           0	           0	           0	           0	           0	           0	           0	           0	           0	           0	           0	        0	        0	        0	        0	        0	        0	        0	  
      -72	           0	           0	           0	           0	           0	           0	           0	           0	           0	           0	           0	           0	           0	           0	           0	           0	           0	           0	        0	        0	        0	        0	        0	        0	        0	  
      -71	           0	           0	           0	           0	           0	           0	           0	           0	           0	           0	           0	           0	           0	           0	           0	           0	           0	           0	        0	        0	        0	        0	        0	        0	        0	  
      -70	           0	           0	           0	           0	           0	           0	           0	           0	           0	           0	           0	           0	           0	           0	           0	           0	           0	           0	        0	        0	        0	        0	        0	        0	        0	  
      -69	           0	           0	           0	           0	           0	           0	           0	           0	           0	           0	           0	           0	           0	           0	           0	           0	           0	           0	        0	        0	        0	        0	        0	        0	        0	  
      -68	           0	           0	           0	           0	           0	           0	           0	           0	           0	           0	           0	           0	           0	           0	           0	           0	           0	           0	        0	        0	        0	        0	        0	        0	        0	  
      -67	           0	           0	           0	           0	           0	           0	           0	           0	           0	           0	           0	           0	           0	           0	           0	           0	           0	           0	        0	        0	        0	        0	        0	        0	        0	  
      -66	           0	           0	           0	           0	           0	           0	           0	           0	           0	           0	           0	           0	           0	           0	           0	           0	           0	           0	        0	        0	        0	        0	        0	        0	        0	  
      -65	           0	           0	           0	           0	           0	           0	           0	           0	           0	           0	           0	           0	           0	           0	           0	           0	           0	           0	        0	        0	        0	        0	        0	        0	        0	  
      -64	           0	           0	           0	           0	           0	           0	           0	           0	           0	           0	           0	           0	           0	           0	           0	           0	           0	           0	        0	        0	        0	        0	        0	        0	        0	  
      -63	           0	           0	           0	           0	           0	           0	           0	           0	           0	           0	           0	           0	           0	           0	           0	           0	           0	           0	        0	        0	        0	        0	        0	        0	        0	  
      -62	           0	           0	           0	           0	           0	           0	           0	           0	           0	           0	           0	           0	           0	           0	           0	           0	           0	           0	        0	        0	        0	        0	        0	        0	        0	  
      -61	           0	           0	           0	           0	           0	           0	           0	           0	           0	           0	           0	           0	           0	           0	           0	           0	           0	           0	        0	        0	        0	        0	        0	        0	        0	  
      -60	           0	           0	           0	           0	           0	           0	           0	           0	           0	           0	           0	           0	           0	           0	           0	           0	           0	           0	        0	        0	        0	        0	        0	        0	        0	  
      -59	           0	           0	           0	           0	           0	           0	           0	           0	           0	           0	           0	           0	           0	           0	           0	           0	           0	           0	        0	        0	        0	        0	        0	        0	        0	  
      -58	           0	           0	           0	           0	           0	           0	           0	           0	           0	           0	           0	           0	           0	           0	           0	           0	           0	           0	        0	        0	        0	        0	        0	        0	        0	  
      -57	           0	           0	           0	           0	           0	           0	           0	           0	           0	           0	           0	           0	           0	           0	           0	           0	           0	           0	        0	        0	        0	        0	        0	        0	        0	  
      -56	           0	           0	           0	           0	           0	           0	           0	           0	           0	           0	           0	           0	           0	           0	           0	           0	           0	           0	        0	        0	        0	        0	        0	        0	        0	  
      -55	           0	           0	           0	           0	           0	           0	           0	           0	           0	           0	           0	           0	           0	           0	           0	           0	           0	           0	        0	        0	        0	        0	        0	        0	        0	  
      -54	           0	           0	           0	           0	           0	           0	           0	           0	           0	           0	           0	           0	           0	           0	           0	           0	           0	           0	        0	        0	        0	        0	        0	        0	        0	  
      -53	           0	           0	           0	           0	           0	           0	           0	           0	           0	           0	           0	           0	           0	           0	           0	           0	           0	           0	        0	        0	        0	        0	        0	        0	        0	  
      -52	           0	           0	           0	           0	           0	           0	           0	           0	           0	           0	           0	           0	           0	           0	           0	           0	           0	           0	        0	        0	        0	        0	        0	        0	        0	  
      -51	           0	           0	           0	           0	           0	           0	           0	           0	           0	           0	           0	           0	           0	           0	           0	           0	           0	           0	        0	        0	        0	        0	        0	        0	        0	  
      -50	           0	           0	           0	           0	           0	           0	           0	           0	           0	           0	           0	           0	           0	           0	           0	           0	           0	           0	        0	        0	        0	        0	        0	        0	        0	  
      -49	           0	           0	           0	           0	           0	           0	           0	           0	           0	           0	           0	           0	           0	           0	           0	           0	           0	           0	        0	        0	        0	        0	        0	        0	        0	  
      -48	           0	           0	           0	           0	           0	           0	           0	           0	           0	           0	           0	           0	           0	           0	           0	           0	           0	           0	        0	        0	        0	        0	        0	        0	        0	  
      -47	           0	           0	           0	           0	           0	           0	           0	           0	           0	           0	           0	           0	           0	           0	           0	           0	           0	           0	        0	        0	        0	        0	        0	        0	        0	  
      -46	           0	           0	           0	           0	           0	           0	           0	           0	           0	           0	           0	           0	           0	           0	           0	           0	           0	           0	        0	        0	        0	        0	        0	        0	        0	  
      -45	           0	           0	           0	           0	           0	           0	           0	           0	           0	           0	           0	           0	           0	           0	           0	           0	           0	           0	        0	        0	        0	        0	        0	        0	        0	  
      -44	   0.0385961	  0.00747569	    -44.5017	    0.681321	    0.124645	     1.02073	   0.0910205	    0.019698	  0.000680373	  0.00039996	  0.000102106	         189	           0	           0	     1.26753	    0.729421	     51.2923	   -0.021164	        0	        0	        0	        0	        0	        0	        0	  
      -43	    0.069593	   0.0134795	    -44.0489	    0.671254	    0.122803	     1.02586	   0.0914785	   0.0356964	  0.00123296	  0.00089991	  0.000102948	         338	           0	           0	     1.32661	    0.690061	     37.8592	  -0.0295858	        0	        0	        0	        0	        0	        0	        0	  
      -42	     0.10179	   0.0197157	     -43.554	    0.678984	    0.124217	      1.0275	    0.091625	   0.0522948	  0.00180627	  0.00139986	  0.000103235	         493	           0	           0	     1.34343	    0.651064	     34.8774	  -0.0324544	        0	        0	        0	        0	        0	        0	        0	  
      -41	    0.134387	   0.0260294	    -43.0589	    0.677866	    0.124013	     1.04167	   0.0928879	    0.069993	  0.00241757	  0.00279972	  0.000104997	         639	  0.00029997	  0.00029997	     1.34777	    0.616232	     23.0572	    0.039646	        0	        0	        0	        0	        0	        0	        0	  
      -40	    0.171783	   0.0332726	    -42.5021	    0.673965	    0.123299	     1.05588	   0.0941552	   0.0906909	  0.00313248	  0.00479952	  0.000106317	         806	  0.00059994	  0.00059994	     1.38159	    0.631405	     16.6034	   0.0543367	        0	        0	        0	        0	        0	        0	        0	  
      -39	     0.20238	    0.039199	    -42.0519	    0.673175	    0.123155	     1.06324	   0.0948117	    0.107589	  0.00371615	  0.00639936	  0.000107117	         940	  0.00149985	  0.00149985	     1.37422	    0.600618	     14.4864	    0.117034	        0	        0	        0	        0	        0	        0	        0	  
      -38	    0.235776	   0.0456676	    -41.5488	    0.678195	    0.124073	     1.07379	   0.0957525	    0.126587	  0.00437235	  0.00869913	  0.000108758	        1072	  0.00389961	  0.00389961	     1.37922	    0.595887	     11.4877	    0.210936	        0	        0	        0	        0	        0	        0	        0	  
      -37	    0.273573	   0.0529883	    -40.9863	    0.679424	    0.124298	     1.08699	   0.0969293	    0.148685	  0.00513561	   0.0118988	  0.000111082	        1217	  0.00479952	  0.00473286	     1.37438	     0.58141	     10.4349	    0.190135	        0	        0	        0	        0	        0	        0	        0	  
      -36	    0.306369	   0.0593407	    -40.5053	    0.684595	    0.125244	     1.10313	    0.098369	    0.168983	   0.0058367	   0.0157984	  0.000113058	        1339	  0.00539946	  0.00526614	     1.37014	    0.574418	     9.44745	    0.146584	        0	        0	        0	        0	        0	        0	        0	  
      -35	    0.340566	   0.0659643	    -40.0038	     0.68452	     0.12523	     1.11568	   0.0994876	    0.189981	  0.00656198	    0.019698	  0.000114831	        1462	  0.00719928	   0.0069993	      1.3745	     0.57529	     8.46548	     0.14377	        0	        0	        0	        0	        0	        0	        0	  
      -34	    0.374163	   0.0724716	    -39.5109	    0.691515	     0.12651	     1.13362	    0.101087	    0.212079	  0.00732524	   0.0249975	  0.000117089	        1573	  0.00869913	  0.00828251	     1.35946	    0.559097	     7.39585	    0.132127	        0	        0	        0	        0	        0	        0	        0	  
      -33	    0.410959	   0.0795987	    -38.9705	    0.697331	    0.127574	     1.15134	    0.102668	    0.236576	  0.00817139	   0.0310969	  0.000119467	        1689	   0.0110989	   0.0104823	     1.35659	    0.550757	     6.93622	    0.127352	        0	        0	        0	        0	        0	        0	        0	  
      -32	    0.446155	   0.0864159	    -38.4612	    0.700219	    0.128102	     1.16809	    0.104161	    0.260574	  0.00900027	   0.0374963	  0.00012179	        1798	   0.0122988	   0.0114822	     1.36015	     0.56021	     6.51221	   0.0955955	        0	        0	        0	        0	        0	        0	        0	  
      -31	    0.478952	   0.0927683	    -37.9841	    0.702102	    0.128447	     1.18163	    0.105369	    0.282972	  0.00977389	   0.0434957	  0.000124034	        1888	   0.0158984	   0.0147419	     1.35618	    0.554093	     6.12442	    0.107712	        0	        0	        0	        0	        0	        0	        0	  
      -30	    0.511749	   0.0991207	    -37.5065	    0.705007	    0.128978	     1.19304	    0.106387	    0.305269	   0.0105441	   0.0493951	  0.000126455	        1976	   0.0179982	   0.0165583	     1.34535	    0.544225	      5.8716	   0.0949828	        0	        0	        0	        0	        0	        0	        0	  
      -29	    0.545745	    0.105706	    -37.0048	    0.708901	     0.12969	     1.20374	     0.10734	    0.328467	   0.0113453	   0.0555944	  0.000128345	        2070	   0.0215978	   0.0199913	     1.33149	     0.52474	     5.60592	   0.0880186	        0	        0	        0	        0	        0	        0	        0	  
      -28	    0.578142	     0.11198	    -36.5275	    0.711174	    0.130106	     1.22276	    0.109036	    0.353465	   0.0122087	   0.0643936	  0.00013146	        2132	   0.0263974	   0.0238409	     1.33338	     0.52309	     5.36329	   0.0998632	        0	        0	        0	        0	        0	        0	        0	  
      -27	    0.609739	      0.1181	    -36.0583	    0.713712	    0.130571	     1.23385	    0.110025	    0.376162	   0.0129927	   0.0712929	  0.000133532	        2206	   0.0308969	   0.0275372	     1.32987	    0.522829	     5.15964	    0.107255	        0	        0	        0	        0	        0	        0	        0	  
      -26	    0.643336	    0.124608	    -35.5579	    0.717635	    0.131288	      1.2465	    0.111154	     0.40096	   0.0138492	   0.0792921	  0.000136643	        2267	   0.0356964	   0.0310369	     1.31441	    0.505217	     5.09532	    0.110822	        0	        0	        0	        0	        0	        0	        0	  
      -25	    0.679932	    0.131696	    -35.0151	     0.72292	    0.132255	     1.26706	    0.112987	    0.430757	   0.0148784	   0.0907909	  0.000139977	        2338	   0.0380962	   0.0324801	     1.31525	    0.510747	     4.79953	   0.0849649	        0	        0	        0	        0	        0	        0	        0	  
      -24	    0.715528	    0.138591	    -34.4928	    0.727714	    0.133132	     1.28452	    0.114543	    0.459554	   0.0158731	     0.10179	  0.000143033	        2402	   0.0428957	   0.0357931	     1.31248	    0.514112	     4.63159	   0.0758728	        0	        0	        0	        0	        0	        0	        0	  
      -23	    0.755324	    0.146299	     -33.914	    0.735663	    0.134586	     1.30447	    0.116323	    0.492651	   0.0170162	    0.114989	  0.00014702	        2462	   0.0473953	   0.0387095	     1.31516	    0.525073	     4.45667	   0.0578597	        0	        0	        0	        0	        0	        0	        0	  
      -22	    0.789721	    0.152961	    -33.4182	    0.739871	    0.135356	     1.31654	    0.117399	    0.519848	   0.0179556	    0.124988	  0.000149371	        2523	   0.0548945	   0.0439256	     1.31938	    0.538662	     4.34387	   0.0621688	        0	        0	        0	        0	        0	        0	        0	  
      -21	    0.827717	    0.160321	    -32.8717	    0.745367	    0.136362	     1.33293	    0.118861	    0.551645	   0.0190539	    0.137786	  0.000153074	        2573	   0.0608939	   0.0485118	     1.31772	    0.545116	     4.17564	   0.0454602	        0	        0	        0	        0	        0	        0	        0	  
      -20	    0.861914	    0.166944	     -32.381	    0.751939	    0.137564	      1.3529	    0.120641	    0.583042	   0.0201384	    0.152085	  0.000156793	        2607	   0.0674933	   0.0528747	     1.31569	    0.546969	     4.12821	    0.050456	        0	        0	        0	        0	        0	        0	        0	  
      -19	     0.90151	    0.174614	    -31.8154	    0.760552	     0.13914	      1.3831	    0.123334	    0.623438	   0.0215336	    0.172683	  0.00016236	        2626	   0.0743926	   0.0572876	     1.31532	    0.552331	     3.95683	   0.0348133	        0	        0	        0	        0	        0	        0	        0	  
      -18	    0.940506	    0.182167	    -31.2616	    0.769904	    0.140851	     1.40953	    0.125691	    0.662834	   0.0228944	    0.192581	  0.000167862	        2640	   0.0827917	   0.0627571	     1.31077	    0.553082	     3.85292	   0.0179268	        0	        0	        0	        0	        0	        0	        0	  
      -17	    0.983502	    0.190495	      -30.66	    0.779331	    0.142575	     1.42944	    0.127467	     0.70293	   0.0242793	    0.211179	  0.000173509	        2663	   0.0908909	   0.0687898	     1.29809	    0.548941	     3.81087	  0.00641179	        0	        0	        0	        0	        0	        0	        0	  
      -16	      1.0339	    0.200256	    -29.9698	    0.792295	    0.144947	     1.46557	    0.130688	    0.757624	   0.0261685	    0.240676	  0.000181882	        2663	     0.09959	   0.0745192	      1.2802	    0.527154	     3.71011	  -0.0150978	        0	        0	        0	        0	        0	        0	        0	  
      -15	     1.07889	    0.208971	    -29.3652	    0.802901	    0.146887	     1.49323	    0.133155	    0.805519	   0.0278228	    0.266073	  0.000189083	        2661	    0.110989	   0.0806853	     1.29248	    0.547487	     3.64512	  -0.0218763	        0	        0	        0	        0	        0	        0	        0	  
      -14	     1.12529	    0.217957	    -28.7512	    0.813994	    0.148917	     1.52248	    0.135763	    0.856614	   0.0295876	    0.293971	  0.000196961	        2650	    0.124488	   0.0889178	     1.29267	     0.54847	     3.63189	  -0.0319823	        0	        0	        0	        0	        0	        0	        0	  
      -13	     1.16888	    0.226401	    -28.1832	    0.822577	    0.150487	     1.54696	    0.137946	     0.90411	   0.0312281	    0.319668	  0.000203571	        2645	    0.141286	   0.0977897	     1.28878	    0.546174	     3.61693	  -0.0288642	        0	        0	        0	        0	        0	        0	        0	  
      -12	     1.22148	    0.236588	    -27.5079	    0.834902	    0.152742	     1.57891	    0.140795	    0.964304	   0.0333072	    0.353565	  0.000212817	        2625	    0.159584	    0.107839	      1.2801	    0.538686	     3.49843	  -0.0346819	        0	        0	        0	        0	        0	        0	        0	  
      -11	     1.26847	    0.245691	    -26.9147	    0.846852	    0.154928	     1.61312	    0.143845	      1.0231	    0.035338	    0.388861	  0.000222269	        2593	    0.177882	    0.116703	     1.27664	    0.532015	     3.49361	  -0.0342932	        0	        0	        0	        0	        0	        0	        0	  
      -10	     1.32567	    0.256769	    -26.2064	    0.864962	    0.158241	     1.65711	    0.147769	     1.09839	   0.0379386	    0.435556	  0.000233388	        2565	     0.19798	     0.12572	     1.28098	    0.541277	     3.36911	  -0.0445984	        0	        0	        0	        0	        0	        0	        0	  
       -9	     1.37626	    0.266569	    -25.5921	    0.880496	    0.161083	      1.6934	    0.151005	     1.16528	   0.0402491	    0.477152	  0.000244385	        2531	    0.215978	    0.133513	     1.26679	     0.52515	     3.32178	  -0.0540535	        0	        0	        0	        0	        0	        0	        0	  
       -8	     1.43706	    0.278344	    -24.8683	    0.897433	    0.164181	     1.73198	    0.154445	     1.24448	   0.0429844	    0.525947	  0.000259869	        2471	    0.238476	    0.143206	      1.2617	    0.531946	     3.28279	  -0.0638186	        0	        0	        0	        0	        0	        0	        0	  
       -7	     1.50205	    0.290932	    -24.1144	    0.921825	    0.168644	     1.78871	    0.159503	     1.34337	   0.0464001	    0.592341	  0.000277898	        2401	    0.262474	    0.153622	     1.25408	    0.530547	     3.23644	  -0.0806465	        0	        0	        0	        0	        0	        0	        0	  
       -6	     1.57764	    0.305574	    -23.2702	    0.955581	    0.174819	     1.86538	    0.166341	     1.47145	   0.0508242	    0.682632	  0.000304352	        2282	     0.29667	    0.165991	     1.24078	    0.523078	     3.12618	  -0.0866207	        0	        0	        0	        0	        0	        0	        0	  
       -5	     1.65683	    0.320913	    -22.4221	    0.990401	    0.181189	     1.93917	     0.17292	     1.60644	   0.0554867	    0.778022	  0.000333408	        2165	    0.335366	    0.181131	     1.22791	    0.515434	     3.12996	  -0.0986108	        0	        0	        0	        0	        0	        0	        0	  
       -4	     1.74503	    0.337994	    -21.5166	      1.0386	    0.190008	     2.04722	    0.182555	     1.78622	   0.0616964	    0.913709	  0.000376451	        1999	    0.379462	    0.193766	     1.20907	    0.507139	     3.07268	   -0.106875	        0	        0	        0	        0	        0	        0	        0	  
       -3	     1.84682	     0.35771	    -20.5224	     1.10163	    0.201538	     2.18896	    0.195194	      2.0213	    0.069816	     1.09789	  0.000430836	        1820	    0.443056	    0.211937	     1.20168	    0.503922	     3.02801	   -0.108607	        0	        0	        0	        0	        0	        0	        0	  
       -2	      1.9712	    0.381803	    -19.3842	     1.20122	    0.219758	     2.40246	    0.214233	     2.36786	   0.0817864	     1.38226	  0.000536009	        1539	    0.514749	    0.226041	     1.18984	    0.510365	     2.89479	   -0.116113	        0	        0	        0	        0	        0	        0	        0	  
       -1	     2.14399	    0.415269	    -17.9406	     1.36969	    0.250579	     2.75487	    0.245659	      2.9532	    0.102004	     1.88121	  0.000780544	        1125	    0.626637	    0.245176	     1.16452	    0.503287	     2.74828	   -0.122493	        0	        0	        0	        0	        0	        0	        0	  
        0	     2.59094	     0.50184	    -14.9003	       5.546	     1.01462	      11.142	     0.99356	     14.4342	    0.498558	     13.1387	    0.166567	           6	    0.994101	    0.267389	     1.06942	    0.441503	     2.09268	    0.120311	        0	        0	        0	        0	        0	        0	        0	  
        1	      3.0313	    0.587133	    -12.6901	     8.56845	     1.56756	     17.1927	     1.53311	     26.0581	    0.900051	     24.5424	      0.9999	           1	     2.09049	    0.298618	      1.0478	    0.423462	     2.03457	    0.333576	        0	        0	        0	        0	        0	        0	        0	  
        2	     3.18788	    0.617461	    -11.9947	     8.30915	     1.52012	      16.682	     1.48757	     26.5901	    0.918428	     24.9962	      0.9999	           1	     2.49335	    0.314275	     1.04946	    0.429208	     2.10519	    0.329831	        0	        0	        0	        0	        0	        0	        0	  
        3	     3.30207	    0.639579	    -11.4948	     8.10925	     1.48355	     16.2963	     1.45318	     26.9058	    0.929331	     25.2548	      0.9999	           1	     2.76602	    0.326721	     1.03897	    0.415953	     2.14529	    0.323885	        0	        0	        0	        0	        0	        0	        0	  
        4	     3.39206	    0.657009	    -11.0971	     7.95065	     1.45454	     15.9873	     1.42563	      27.115	    0.936556	      25.419	      0.9999	           1	      2.9781	    0.337355	     1.03386	    0.414853	     2.17873	    0.318592	        0	        0	        0	        0	        0	        0	        0	  
        5	     3.47945	    0.673936	    -10.7059	     7.79582	     1.42621	     15.6875	     1.39889	      27.292	    0.942669	     25.5522	      0.9999	           1	     3.19678	    0.348906	      1.0415	    0.427957	     2.21438	    0.316128	        0	        0	        0	        0	        0	        0	        0	  
        6	     3.55124	    0.687841	    -10.3786	     7.67239	     1.40363	     15.4489	     1.37762	     27.4315	    0.947487	     25.6558	      0.9999	           1	     3.37676	    0.358514	     1.03863	    0.424151	     2.23274	    0.312068	        0	        0	        0	        0	        0	        0	        0	  
        7	     3.61364	    0.699926	    -10.0871	     7.56491	     1.38397	     15.2395	     1.35894	     27.5349	    0.951062	     25.7281	      0.9999	           1	     3.52915	    0.367675	     1.03549	    0.421571	     2.26171	    0.309666	        0	        0	        0	        0	        0	        0	        0	  
        8	     3.66643	    0.710152	    -9.83397	     7.47636	     1.36777	     15.0684	     1.34368	     27.6236	    0.954125	     25.7904	      0.9999	           1	     3.65663	    0.373892	      1.0424	     0.42826	     2.28163	    0.307167	        0	        0	        0	        0	        0	        0	        0	  
        9	     3.71243	    0.719061	    -9.60756	     7.39936	     1.35368	     14.9188	     1.33035	     27.6925	    0.956505	     25.8363	      0.9999	           1	     3.77572	    0.380191	     1.04575	     0.43302	     2.29115	    0.304903	        0	        0	        0	        0	        0	        0	        0	  
       10	     3.75922	    0.728125	    -9.37002	     7.32175	     1.33948	     14.7688	     1.31697	     27.7596	    0.958822	       25.88	      0.9999	           1	     3.88761	     0.38946	      1.0523	    0.443689	     2.31158	    0.303661	        0	        0	        0	        0	        0	        0	        0	  
       11	     3.80202	    0.736414	    -9.14644	     7.25288	     1.32688	     14.6357	      1.3051	     27.8225	    0.960994	     25.9215	      0.9999	           1	      3.9923	    0.394804	     1.05322	    0.443269	     2.32346	    0.301636	        0	        0	        0	        0	        0	        0	        0	  
       12	     3.84342	    0.744432	    -8.92423	     7.18622	     1.31469	     14.5061	     1.29354	     27.8764	    0.962856	     25.9547	      0.9999	           1	     4.09009	    0.401506	     1.05431	    0.448037	      2.3365	     0.29977	        0	        0	        0	        0	        0	        0	        0	  
       13	     3.87881	    0.751288	    -8.72867	     7.12982	     1.30437	     14.3976	     1.28387	     27.9228	    0.964458	     25.9834	      0.9999	           1	     4.17768	    0.407481	     1.05282	    0.449057	     2.35058	    0.298705	        0	        0	        0	        0	        0	        0	        0	  
       14	     3.91501	    0.758299	    -8.52318	      7.0734	     1.29405	     14.2888	     1.27417	     27.9704	    0.966102	     26.0129	      0.9999	           1	     4.26287	    0.412437	     1.06066	     0.46062	     2.36242	    0.297734	        0	        0	        0	        0	        0	        0	        0	  
       15	      3.9506	    0.765193	    -8.31584	     7.01821	     1.28395	      14.181	     1.26455	     28.0117	    0.967529	     26.0364	      0.9999	           1	     4.34747	    0.417852	     1.06084	    0.460223	     2.36571	    0.294635	        0	        0	        0	        0	        0	        0	        0	  
       16	      3.9824	    0.771352	    -8.12555	     6.96922	     1.27499	     14.0854	     1.25603	     28.0468	    0.968741	     26.0556	      0.9999	           1	     4.42456	    0.424078	     1.06134	    0.460312	     2.37331	    0.293642	        0	        0	        0	        0	        0	        0	        0	  
       17	      4.0098	    0.776659	    -7.95736	     6.92767	     1.26739	     14.0049	     1.24885	     28.0785	    0.969836	     26.0736	      0.9999	           1	     4.49685	    0.428553	     1.06706	    0.465645	     2.37945	    0.292027	        0	        0	        0	        0	        0	        0	        0	  
       18	      4.0364	     0.78181	    -7.78953	     6.88725	     1.25999	     13.9274	     1.24194	     28.1083	    0.970865	     26.0901	      0.9999	           1	     4.56284	    0.433146	     1.06529	     0.46376	     2.38897	    0.291638	        0	        0	        0	        0	        0	        0	        0	  
       19	     4.06479	    0.787311	     -7.6055	     6.84463	      1.2522	     13.8453	     1.23462	     28.1392	    0.971932	     26.1068	      0.9999	           1	     4.63304	    0.437317	     1.06931	    0.468449	     2.39764	    0.290114	        0	        0	        0	        0	        0	        0	        0	  
       20	     4.09399	    0.792966	    -7.41216	     6.80116	     1.24424	     13.7608	     1.22709	     28.1684	    0.972941	     26.1214	      0.9999	           1	     4.70353	    0.442894	     1.06188	     0.45867	      2.4007	     0.28886	        0	        0	        0	        0	        0	        0	        0	  
       21	     4.11479	    0.796994	    -7.27125	     6.77068	     1.23867	     13.7023	     1.22186	      28.191	    0.973721	     26.1336	      0.9999	           1	     4.75182	    0.446455	      1.0644	      0.4637	      2.4034	     0.28784	        0	        0	        0	        0	        0	        0	        0	  
       22	     4.14139	    0.802146	    -7.08621	     6.73171	     1.23154	     13.6269	     1.21514	     28.2171	    0.974623	     26.1464	      0.9999	           1	     4.81332	    0.451299	     1.06321	     0.46283	     2.41649	    0.288203	        0	        0	        0	        0	        0	        0	        0	  
       23	     4.16338	    0.806407	    -6.92977	     6.69982	      1.2257	     13.5656	     1.20968	     28.2394	    0.975393	     26.1577	      0.9999	           1	     4.87181	    0.454965	     1.06664	     0.46908	     2.42482	    0.287347	        0	        0	        0	        0	        0	        0	        0	  
       24	     4.18778	    0.811132	     -6.7525	     6.66494	     1.21932	     13.4988	     1.20372	      28.265	    0.976277	     26.1711	      0.9999	           1	     4.93031	    0.459278	     1.06492	    0.466186	     2.42907	    0.285818	        0	        0	        0	        0	        0	        0	        0	  
       25	     4.20918	    0.815277	    -6.59376	     6.63427	     1.21371	     13.4385	     1.19834	     28.2825	    0.976881	     26.1779	      0.9999	           1	       4.984	    0.463943	     1.06714	     0.47006	     2.43431	    0.284777	        0	        0	        0	        0	        0	        0	        0	  
       26	     4.22978	    0.819266	    -6.43741	     6.60532	     1.20841	      13.383	     1.19339	     28.3036	     0.97761	     26.1887	      0.9999	           1	       5.035	    0.467285	     1.06584	    0.468609	     2.43891	    0.283628	        0	        0	        0	        0	        0	        0	        0	  
       27	     4.24918	    0.823024	    -6.28712	     6.57823	     1.20346	     13.3308	     1.18874	     28.3224	    0.978259	     26.1978	      0.9999	           1	     5.08269	    0.470672	     1.06632	     0.46949	     2.44185	    0.281977	        0	        0	        0	        0	        0	        0	        0	  
       28	     4.26877	     0.82682	    -6.13215	     6.55087	     1.19845	     13.2779	     1.18402	     28.3402	    0.978874	     26.2058	      0.9999	           1	     5.12769	    0.474558	     1.06514	     0.46811	     2.44769	    0.281073	        0	        0	        0	        0	        0	        0	        0	  
       29	     4.28497	    0.829957	    -6.00104	     6.52832	     1.19433	     13.2341	     1.18012	     28.3539	    0.979347	     26.2114	      0.9999	           1	     5.16758	    0.477738	     1.06653	     0.46863	     2.44964	    0.280169	        0	        0	        0	        0	        0	        0	        0	  
       30	     4.30557	    0.833947	    -5.83117	     6.49997	     1.18914	     13.1798	     1.17527	     28.3733	    0.980017	     26.2205	      0.9999	           1	     5.21438	    0.481052	     1.06484	    0.465925	     2.45336	      0.2789	        0	        0	        0	        0	        0	        0	        0	  
       31	     4.32237	      0.8372	    -5.69006	     6.47671	     1.18489	     13.1349	     1.17127	     28.3869	    0.980487	     26.2257	      0.9999	           1	     5.25397	    0.484006	     1.06584	    0.467618	     2.46093	    0.279179	        0	        0	        0	        0	        0	        0	        0	  
       32	     4.34237	    0.841074	    -5.51877	     6.44923	     1.17986	     13.0822	     1.16657	     28.4038	    0.981071	     26.2326	      0.9999	           1	     5.29687	    0.488499	      1.0622	    0.463486	     2.46762	    0.279443	        0	        0	        0	        0	        0	        0	        0	  
       33	     4.35536	    0.843591	    -5.40515	     6.43149	     1.17661	      13.048	     1.16352	     28.4144	    0.981437	     26.2367	      0.9999	           1	     5.32807	    0.491216	     1.06288	    0.463676	     2.46795	    0.278489	        0	        0	        0	        0	        0	        0	        0	  
       34	     4.36996	    0.846419	    -5.27511	      6.4117	     1.17299	     13.0101	     1.16014	     28.4269	    0.981868	     26.2419	      0.9999	           1	     5.36076	    0.494607	     1.05878	    0.458333	     2.46841	    0.277708	        0	        0	        0	        0	        0	        0	        0	  
       35	     4.38616	    0.849556	     -5.1283	     6.39002	     1.16903	     12.9681	      1.1564	     28.4402	    0.982328	     26.2471	      0.9999	           1	     5.40036	     0.49742	     1.06002	    0.458785	     2.46768	    0.276535	        0	        0	        0	        0	        0	        0	        0	  
       36	     4.40516	    0.853236	     -4.9534	      6.3646	     1.16438	       12.92	     1.15211	     28.4574	    0.982922	     26.2548	      0.9999	           1	     5.43906	    0.500693	     1.05919	    0.458262	     2.47501	    0.276502	        0	        0	        0	        0	        0	        0	        0	  
       37	     4.41876	     0.85587	    -4.82568	     6.34639	     1.16104	      12.885	     1.14899	     28.4679	    0.983284	     26.2585	      0.9999	           1	     5.46455	      0.5042	     1.05986	    0.459904	       2.479	    0.276924	        0	        0	        0	        0	        0	        0	        0	  
       38	     4.43256	    0.858543	    -4.69381	     6.32806	     1.15769	     12.8502	     1.14588	     28.4797	    0.983692	     26.2634	      0.9999	           1	     5.49635	     0.50678	     1.05742	    0.456907	     2.48192	    0.276312	        0	        0	        0	        0	        0	        0	        0	  
       39	     4.44576	    0.861099	    -4.56564	     6.31086	     1.15454	     12.8177	     1.14298	     28.4922	    0.984124	     26.2693	      0.9999	           1	     5.52515	    0.508779	     1.05719	    0.457784	     2.48243	    0.275171	        0	        0	        0	        0	        0	        0	        0	  
       40	     4.45895	    0.863656	    -4.43532	     6.29358	     1.15138	     12.7845	     1.14002	     28.5027	     0.98449	     26.2733	      0.9999	           1	     5.55544	    0.511086	     1.05317	    0.452496	     2.48806	    0.275054	        0	        0	        0	        0	        0	        0	        0	  
       41	     4.47475	    0.866716	    -4.27679	      6.2729	      1.1476	     12.7453	     1.13653	      28.516	    0.984949	     26.2787	      0.9999	           1	     5.58934	    0.514316	      1.0511	    0.449148	     2.49131	    0.274757	        0	        0	        0	        0	        0	        0	        0	  
       42	     4.49055	    0.869776	     -4.1157	      6.2523	     1.14383	     12.7056	     1.13299	     28.5276	     0.98535	     26.2824	      0.9999	           1	     5.62384	    0.517705	      1.0525	    0.451318	      2.4957	    0.274754	        0	        0	        0	        0	        0	        0	        0	  
       43	     4.50495	    0.872565	    -3.96674	     6.23368	     1.14042	       12.67	     1.12981	     28.5387	    0.985733	     26.2863	      0.9999	           1	     5.65293	    0.521913	     1.05316	    0.453037	      2.4967	    0.274375	        0	        0	        0	        0	        0	        0	        0	  
       44	     4.51975	    0.875431	    -3.81121	     6.21469	     1.13695	     12.6337	     1.12658	     28.5505	    0.986141	     26.2907	      0.9999	           1	     5.68713	    0.524449	     1.05312	    0.452506	     2.49986	    0.273804	        0	        0	        0	        0	        0	        0	        0	  
       45	     4.53355	    0.878104	    -3.66428	       6.197	     1.13371	     12.5997	     1.12355	     28.5607	    0.986493	      26.294	      0.9999	           1	     5.71923	    0.527502	     1.05144	    0.449801	     2.50031	    0.273461	        0	        0	        0	        0	        0	        0	        0	  
       46	     4.55074	    0.881435	    -3.47848	     6.17499	     1.12969	     12.5573	     1.11976	     28.5725	      0.9869	     26.2972	      0.9999	           1	     5.75312	    0.532654	     1.04693	    0.445396	     2.50473	    0.273384	        0	        0	        0	        0	        0	        0	        0	  
       47	     4.56394	    0.883991	     -3.3338	     6.15831	     1.12664	     12.5255	     1.11693	     28.5828	    0.987256	     26.3009	      0.9999	           1	     5.78222	    0.535225	     1.04567	    0.443854	     2.50798	    0.273064	        0	        0	        0	        0	        0	        0	        0	  
       48	     4.57654	    0.886431	    -3.19404	     6.14237	     1.12372	     12.4946	     1.11418	     28.5911	    0.987543	     26.3029	      0.9999	           1	     5.81012	    0.538764	     1.04636	    0.445322	     2.50997	     0.27268	        0	        0	        0	        0	        0	        0	        0	  
       49	     4.59054	    0.889143	    -3.03628	     6.12475	      1.1205	     12.4611	     1.11119	     28.6016	    0.987905	     26.3064	      0.9999	           1	     5.84192	    0.541431	     1.04351	      0.4432	     2.51376	    0.272274	        0	        0	        0	        0	        0	        0	        0	  
       50	     4.60534	    0.892009	    -2.86738	     6.10626	     1.11711	     12.4261	     1.10806	     28.6131	    0.988303	     26.3105	      0.9999	           1	     5.87551	    0.544128	     1.04275	      0.4428	      2.5124	    0.271302	        0	        0	        0	        0	        0	        0	        0	  
       51	     4.61654	    0.894178	    -2.73788	     6.09233	     1.11457	     12.3997	     1.10571	     28.6219	    0.988607	     26.3137	      0.9999	           1	     5.89921	    0.546316	     1.04249	    0.442609	      2.5137	    0.270849	        0	        0	        0	        0	        0	        0	        0	  
       52	     4.62914	    0.896619	    -2.59034	      6.0766	     1.11169	     12.3697	     1.10304	     28.6305	    0.988904	      26.316	      0.9999	           1	     5.92621	    0.550025	     1.04564	    0.447103	     2.51813	    0.270891	        0	        0	        0	        0	        0	        0	        0	  
       53	     4.64054	    0.898826	      -2.455	     6.06255	     1.10912	     12.3428	     1.10063	     28.6385	     0.98918	     26.3183	      0.9999	           1	       5.952	     0.55256	     1.04866	    0.451152	     2.52117	    0.270624	        0	        0	        0	        0	        0	        0	        0	  
       54	     4.65513	    0.901654	    -2.27935	     6.04456	     1.10583	     12.3083	     1.09756	     28.6484	    0.989522	     26.3209	      0.9999	           1	      5.9826	    0.556436	     1.04878	    0.451356	      2.5218	    0.270037	        0	        0	        0	        0	        0	        0	        0	  
       55	     4.66653	    0.903862	    -2.14069	     6.03054	     1.10326	     12.2818	     1.09519	     28.6566	    0.989805	     26.3234	      0.9999	           1	      6.0069	     0.55947	     1.04906	    0.452631	     2.52466	    0.269671	        0	        0	        0	        0	        0	        0	        0	  
       56	     4.68193	    0.906844	    -1.95126	     6.01171	     1.09982	     12.2462	     1.09202	     28.6679	    0.990195	      26.327	      0.9999	           1	      6.0384	    0.563131	     1.04667	    0.449031	     2.52673	    0.269009	        0	        0	        0	        0	        0	        0	        0	  
       57	     4.69753	    0.909866	    -1.75718	     5.99274	     1.09635	       12.21	      1.0888	     28.6785	    0.990561	     26.3298	      0.9999	           1	     6.07109	    0.567237	     1.04551	    0.448225	     2.53319	    0.269608	        0	        0	        0	        0	        0	        0	        0	  
       58	     4.71053	    0.912383	    -1.59364	     5.97704	     1.09347	     12.1803	     1.08614	     28.6877	    0.990879	     26.3325	      0.9999	           1	     6.09959	    0.570903	     1.04521	    0.448931	     2.53571	    0.269105	        0	        0	        0	        0	        0	        0	        0	  
       59	     4.72373	     0.91494	    -1.42572	     5.96113	     1.09056	     12.1503	     1.08347	     28.6974	    0.991214	     26.3356	      0.9999	           1	     6.12869	    0.573808	     1.04707	    0.453126	     2.53868	    0.268603	        0	        0	        0	        0	        0	        0	        0	  
       60	     4.73613	    0.917341	    -1.26646	     5.94629	     1.08785	     12.1221	     1.08096	     28.7059	    0.991508	     26.3379	      0.9999	           1	     6.15628	    0.576741	       1.048	    0.455376	     2.53795	    0.267493	        0	        0	        0	        0	        0	        0	        0	  
       61	     4.75012	    0.920053	    -1.08435	     5.92956	     1.08479	     12.0901	     1.07811	     28.7148	    0.991815	     26.3398	      0.9999	           1	     6.18808	    0.580713	       1.048	    0.456322	     2.54018	    0.267372	        0	        0	        0	        0	        0	        0	        0	  
       62	     4.76192	    0.922338	   -0.929317	      5.9155	     1.08221	     12.0632	      1.0757	      28.722	    0.992064	     26.3411	      0.9999	           1	     6.21538	     0.58406	     1.04703	    0.455667	     2.54125	    0.266943	        0	        0	        0	        0	        0	        0	        0	  
       63	     4.77292	    0.924468	   -0.783168	     5.90248	     1.07983	     12.0382	     1.07348	     28.7287	    0.992295	     26.3423	      0.9999	           1	     6.24058	    0.587449	     1.04665	    0.455991	      2.5394	    0.265887	        0	        0	        0	        0	        0	        0	        0	  
       64	     4.78632	    0.927064	   -0.603287	     5.88664	     1.07694	     12.0078	     1.07076	     28.7365	    0.992564	     26.3434	      0.9999	           1	     6.26697	      0.5918	     1.04744	     0.45493	     2.54089	    0.265645	        0	        0	        0	        0	        0	        0	        0	  
       65	     4.80132	    0.929969	   -0.400077	     5.86898	      1.0737	     11.9741	     1.06776	     28.7457	    0.992882	     26.3451	      0.9999	           1	     6.29967	     0.59589	     1.04574	    0.453464	      2.5402	    0.264659	        0	        0	        0	        0	        0	        0	        0	  
       66	     4.81412	    0.932448	    -0.22493	     5.85398	     1.07096	     11.9455	      1.0652	     28.7534	    0.993148	     26.3464	      0.9999	           1	     6.32607	    0.600206	     1.04684	    0.456626	     2.53796	    0.263492	        0	        0	        0	        0	        0	        0	        0	  
       67	     4.82872	    0.935275	  -0.0232223	     5.83695	     1.06785	     11.9132	     1.06233	     28.7627	    0.993469	     26.3484	      0.9999	           1	     6.35996	    0.604125	     1.04777	    0.459196	     2.53585	    0.262594	        0	        0	        0	        0	        0	        0	        0	  
       68	     4.84432	    0.938296	    0.194425	     5.81881	     1.06453	     11.8786	     1.05925	     28.7719	    0.993787	     26.3498	      0.9999	           1	     6.39146	    0.609225	     1.04686	    0.458696	     2.54033	    0.262616	        0	        0	        0	        0	        0	        0	        0	  
       69	     4.85691	    0.940737	    0.371702	     5.80425	     1.06186	     11.8511	     1.05679	     28.7799	    0.994063	     26.3515	      0.9999	           1	     6.41666	    0.612569	     1.04407	    0.454775	     2.54066	    0.261903	        0	        0	        0	        0	        0	        0	        0	  
       70	     4.86691	    0.942673	    0.513734	     5.79271	     1.05975	     11.8292	     1.05484	     28.7859	    0.994271	     26.3525	      0.9999	           1	     6.43586	      0.6156	     1.04192	     0.45236	     2.54103	    0.261706	        0	        0	        0	        0	        0	        0	        0	  
       71	     4.88091	    0.945385	    0.714466	     5.77666	     1.05682	     11.7986	     1.05211	      28.794	     0.99455	     26.3536	      0.9999	           1	     6.46495	    0.620022	     1.04187	    0.452385	     2.54064	    0.261002	        0	        0	        0	        0	        0	        0	        0	  
       72	     4.89231	    0.947593	    0.879484	     5.76363	     1.05443	      11.774	     1.04991	     28.8009	    0.994789	     26.3548	      0.9999	           1	     6.48895	    0.623396	     1.04137	    0.452919	     2.54004	    0.260123	        0	        0	        0	        0	        0	        0	        0	  
       73	     4.90891	    0.950808	     1.12166	     5.74472	     1.05097	     11.7381	     1.04671	     28.8105	     0.99512	     26.3561	      0.9999	           1	     6.52135	    0.629162	     1.04215	    0.454443	     2.54232	    0.259446	        0	        0	        0	        0	        0	        0	        0	  
       74	     4.92331	    0.953596	     1.33342	     5.72838	     1.04798	     11.7071	     1.04395	     28.8189	     0.99541	     26.3573	      0.9999	           1	     6.55074	    0.633855	     1.04313	    0.456215	      2.5429	    0.258636	        0	        0	        0	        0	        0	        0	        0	  
       75	     4.93591	    0.956037	     1.52013	     5.71412	     1.04537	     11.6801	     1.04154	      28.826	    0.995655	     26.3581	      0.9999	           1	     6.57384	    0.638415	     1.04096	    0.453976	     2.54639	     0.25862	        0	        0	        0	        0	        0	        0	        0	  
       76	      4.9503	    0.958826	     1.73548	     5.69787	      1.0424	     11.6495	     1.03881	     28.8342	    0.995939	     26.3591	      0.9999	           1	     6.60144	    0.643249	      1.0397	    0.452825	     2.54687	    0.258143	        0	        0	        0	        0	        0	        0	        0	  
       77	      4.9623	     0.96115	     1.91615	     5.68442	     1.03994	      11.624	     1.03654	      28.841	    0.996173	     26.3599	      0.9999	           1	     6.62334	    0.647616	       1.035	    0.447455	     2.54694	    0.257643	        0	        0	        0	        0	        0	        0	        0	  
       78	      4.9775	    0.964093	     2.14699	     5.66742	     1.03683	     11.5919	     1.03368	     28.8494	    0.996464	     26.3607	      0.9999	           1	     6.65273	     0.65312	     1.03239	    0.444585	     2.55093	    0.257927	        0	        0	        0	        0	        0	        0	        0	  
       79	      4.9913	    0.966766	     2.35814	     5.65208	     1.03402	      11.563	      1.0311	     28.8572	    0.996733	     26.3616	      0.9999	           1	     6.68093	    0.657691	     1.03005	    0.443305	     2.54777	    0.256995	        0	        0	        0	        0	        0	        0	        0	  
       80	      5.0075	    0.969904	     2.60779	     5.63413	     1.03074	     11.5292	     1.02809	     28.8663	    0.997047	     26.3626	      0.9999	           1	     6.71093	    0.663635	     1.02693	    0.440043	     2.54904	    0.256363	        0	        0	        0	        0	        0	        0	        0	  
       81	      5.0231	    0.972925	     2.84991	     5.61693	     1.02759	     11.4969	     1.02521	     28.8751	    0.997351	     26.3636	      0.9999	           1	     6.74153	     0.66904	     1.02804	    0.442479	     2.54886	    0.255948	        0	        0	        0	        0	        0	        0	        0	  
       82	      5.0355	    0.975326	     3.04356	     5.60331	      1.0251	     11.4714	     1.02293	     28.8821	    0.997593	     26.3644	      0.9999	           1	     6.76492	    0.673316	     1.02898	    0.444371	     2.54888	    0.255171	        0	        0	        0	        0	        0	        0	        0	  
       83	     5.05029	    0.978193	     3.27638	     5.58713	     1.02214	      11.441	     1.02022	     28.8903	    0.997876	     26.3652	      0.9999	           1	     6.79372	    0.679178	     1.02805	     0.44455	     2.55088	    0.254598	        0	        0	        0	        0	        0	        0	        0	  
       84	     5.06609	    0.981253	      3.5266	     5.56992	     1.01899	     11.4086	     1.01733	     28.8986	    0.998163	     26.3656	      0.9999	           1	     6.82342	    0.685328	     1.02388	    0.439106	     2.55209	    0.254476	        0	        0	        0	        0	        0	        0	        0	  
       85	     5.08029	    0.984003	     3.75297	     5.55452	     1.01618	       11.38	     1.01478	     28.9068	    0.998446	     26.3667	      0.9999	           1	     6.84922	    0.690153	     1.02622	    0.443898	      2.5554	    0.254679	        0	        0	        0	        0	        0	        0	        0	  
       86	     5.09589	    0.987024	     4.00324	     5.53767	     1.01309	     11.3483	     1.01195	     28.9148	    0.998722	     26.3669	      0.9999	           1	     6.87501	    0.697089	     1.02231	    0.439347	     2.55829	    0.254803	        0	        0	        0	        0	        0	        0	        0	  
       87	     5.11289	    0.990316	     4.27752	     5.51938	     1.00975	      11.314	      1.0089	     28.9236	    0.999026	     26.3672	      0.9999	           1	     6.90381	     0.70406	     1.02213	    0.440292	     2.55734	    0.254662	        0	        0	        0	        0	        0	        0	        0	  
       88	     5.12869	    0.993376	     4.53386	     5.50246	     1.00665	     11.2822	     1.00606	     28.9315	    0.999299	     26.3672	      0.9999	           1	     6.93261	    0.710768	     1.01959	    0.439373	     2.55964	    0.254847	        0	        0	        0	        0	        0	        0	        0	  
       89	     5.14749	    0.997017	     4.84053	     5.48243	     1.00299	     11.2447	     1.00272	      28.941	    0.999627	     26.3673	      0.9999	           1	      6.9632	    0.719437	     1.01466	    0.434731	     2.55915	    0.254443	        0	        0	        0	        0	        0	        0	        0	  
       90	     5.16288	           1	     5.09324	     5.46609	    0.999997	     11.2142	    0.999993	     28.9487	    0.999893	     26.3673	      0.9999	           1	      6.9872	    0.727025	     1.01297	    0.432191	     2.55735	    0.253708	        0	        0	        0	        0	        0	        0	        0	  
