 DVG (c)BIV v*.* 2012

 Distribution: [0] Read Input File
 File: F:\research\data.txt
 Time type: [2] Left Point
 View type: [0] Look Down
 File type: [0] Just Interval Data
 Points: 10001
 Source Data Statistic
 SDS: Simple Data Statistic: Dat:      0.502	  (Err=   0.579, Qty= 10001, Min= 4.67e-05, Max=       1)
 SDS: Hurst (for equidistant data): 0.530189
 Full Visual Graph Parameters
 FAS: Degree:       5.17	  (Err=   0.725, Qty= 10001, Min=       2, Max=      40)
 FAS: DegRel:          1	  (Err=   0.725, Qty= 10001, Min=   0.387, Max=    7.73)
 FAS: Angles:       5.07	  (Err=    5.81, Qty= 25874, Min=     -45, Max=      90)
 FAS: Length:       4.72	  (Err=     6.6, Qty= 51748, Min= 2.12e-05, Max= 1.5e+03)
 FAS: LenRel:          1	  (Err=     6.6, Qty= 51748, Min= 4.48e-06, Max=     318)
 FAS: LInterval:       9.81	  (Err=    6.38, Qty= 51748, Min=       1, Max= 3.01e+03)
 FAS: LInterRel:          1	  (Err=    6.38, Qty= 51748, Min=   0.102, Max=     307)
 FAS: Thickness:       25.4	  (Err=   0.351, Qty= 10001, Min=       0, Max=      61)
 FAS: ThickRel:          1	  (Err=   0.351, Qty= 10001, Min=       0, Max=     2.4)
 FAS: NodeStack:       22.8	  (Err=   0.399, Qty= 10001, Min=       0, Max=      59)
 FAS: ClustSize:          1	  (Err=       0, Qty= 1, Min=       1, Max=       1)
 FAS: ClustQty:          1	  (Err=       0, Qty= 1, Min=       1, Max=       1)
 FAS: Triangles:          7	  (Err=    1.07, Qty= 10001, Min=       1, Max=      82)
 FAS: Connectiv:      0.729	  (Err=   0.366, Qty= 10001, Min=  0.0966, Max=       1)
 FAS: HurstPnts:       1.05	  (Err=   0.414, Qty= 44, Min=   0.378, Max=    1.81)
 FAS: HurstExp:      0.467	  (Err=       0, Qty= 1, Min=   0.467, Max=   0.467)
 FAS: Ass.Nmn:       2.55	  (Err=       0, Qty= 1, Min=    2.55, Max=    2.55)
 FAS: Ass.Stud:      0.223	  (Err=       0, Qty= 1, Min=   0.223, Max=   0.223)
>>>>  Angle          Degree	      DegRel	      Angles	      Length	      LenRel	   LInterval	   LInterRel	   Thickness	    ThickRel	   NodeStack	   ClustSize	    ClustQty	   Triangles	   Connectiv	   HurstPnts	    HurstExp	     Ass.Nmn	    Ass.Stud
      -90	           0	           0	           0	           0	           0	           0	           0	           0	           0	           0	           0	           0	           0	           0	           0	           0	           0	           0	        0	        0	        0	        0	        0	        0	        0
      -89	           0	           0	           0	           0	           0	           0	           0	           0	           0	           0	           0	           0	           0	           0	           0	           0	           0	           0	        0	        0	        0	        0	        0	        0	        0
      -88	           0	           0	           0	           0	           0	           0	           0	           0	           0	           0	           0	           0	           0	           0	           0	           0	           0	           0	        0	        0	        0	        0	        0	        0	        0
      -87	           0	           0	           0	           0	           0	           0	           0	           0	           0	           0	           0	           0	           0	           0	           0	           0	           0	           0	        0	        0	        0	        0	        0	        0	        0
      -86	           0	           0	           0	           0	           0	           0	           0	           0	           0	           0	           0	           0	           0	           0	           0	           0	           0	           0	        0	        0	        0	        0	        0	        0	        0
      -85	           0	           0	           0	           0	           0	           0	           0	           0	           0	           0	           0	           0	           0	           0	           0	           0	           0	           0	        0	        0	        0	        0	        0	        0	        0
      -84	           0	           0	           0	           0	           0	           0	           0	           0	           0	           0	           0	           0	           0	           0	           0	           0	           0	           0	        0	        0	        0	        0	        0	        0	        0
      -83	           0	           0	           0	           0	           0	           0	           0	           0	           0	           0	           0	           0	           0	           0	           0	           0	           0	           0	        0	        0	        0	        0	        0	        0	        0
      -82	           0	           0	           0	           0	           0	           0	           0	           0	           0	           0	           0	           0	           0	           0	           0	           0	           0	           0	        0	        0	        0	        0	        0	        0	        0
      -81	           0	           0	           0	           0	           0	           0	           0	           0	           0	           0	           0	           0	           0	           0	           0	           0	           0	           0	        0	        0	        0	        0	        0	        0	        0
      -80	           0	           0	           0	           0	           0	           0	           0	           0	           0	           0	           0	           0	           0	           0	           0	           0	           0	           0	        0	        0	        0	        0	        0	        0	        0
      -79	           0	           0	           0	           0	           0	           0	           0	           0	           0	           0	           0	           0	           0	           0	           0	           0	           0	           0	        0	        0	        0	        0	        0	        0	        0
      -78	           0	           0	           0	           0	           0	           0	           0	           0	           0	           0	           0	           0	           0	           0	           0	           0	           0	           0	        0	        0	        0	        0	        0	        0	        0
      -77	           0	           0	           0	           0	           0	           0	           0	           0	           0	           0	           0	           0	           0	           0	           0	           0	           0	           0	        0	        0	        0	        0	        0	        0	        0
      -76	           0	           0	           0	           0	           0	           0	           0	           0	           0	           0	           0	           0	           0	           0	           0	           0	           0	           0	        0	        0	        0	        0	        0	        0	        0
      -75	           0	           0	           0	           0	           0	           0	           0	           0	           0	           0	           0	           0	           0	           0	           0	           0	           0	           0	        0	        0	        0	        0	        0	        0	        0
      -74	           0	           0	           0	           0	           0	           0	           0	           0	           0	           0	           0	           0	           0	           0	           0	           0	           0	           0	        0	        0	        0	        0	        0	        0	        0
      -73	           0	           0	           0	           0	           0	           0	           0	           0	           0	           0	           0	           0	           0	           0	           0	           0	           0	           0	        0	        0	        0	        0	        0	        0	        0
      -72	           0	           0	           0	           0	           0	           0	           0	           0	           0	           0	           0	           0	           0	           0	           0	           0	           0	           0	        0	        0	        0	        0	        0	        0	        0
      -71	           0	           0	           0	           0	           0	           0	           0	           0	           0	           0	           0	           0	           0	           0	           0	           0	           0	           0	        0	        0	        0	        0	        0	        0	        0
      -70	           0	           0	           0	           0	           0	           0	           0	           0	           0	           0	           0	           0	           0	           0	           0	           0	           0	           0	        0	        0	        0	        0	        0	        0	        0
      -69	           0	           0	           0	           0	           0	           0	           0	           0	           0	           0	           0	           0	           0	           0	           0	           0	           0	           0	        0	        0	        0	        0	        0	        0	        0
      -68	           0	           0	           0	           0	           0	           0	           0	           0	           0	           0	           0	           0	           0	           0	           0	           0	           0	           0	        0	        0	        0	        0	        0	        0	        0
      -67	           0	           0	           0	           0	           0	           0	           0	           0	           0	           0	           0	           0	           0	           0	           0	           0	           0	           0	        0	        0	        0	        0	        0	        0	        0
      -66	           0	           0	           0	           0	           0	           0	           0	           0	           0	           0	           0	           0	           0	           0	           0	           0	           0	           0	        0	        0	        0	        0	        0	        0	        0
      -65	           0	           0	           0	           0	           0	           0	           0	           0	           0	           0	           0	           0	           0	           0	           0	           0	           0	           0	        0	        0	        0	        0	        0	        0	        0
      -64	           0	           0	           0	           0	           0	           0	           0	           0	           0	           0	           0	           0	           0	           0	           0	           0	           0	           0	        0	        0	        0	        0	        0	        0	        0
      -63	           0	           0	           0	           0	           0	           0	           0	           0	           0	           0	           0	           0	           0	           0	           0	           0	           0	           0	        0	        0	        0	        0	        0	        0	        0
      -62	           0	           0	           0	           0	           0	           0	           0	           0	           0	           0	           0	           0	           0	           0	           0	           0	           0	           0	        0	        0	        0	        0	        0	        0	        0
      -61	           0	           0	           0	           0	           0	           0	           0	           0	           0	           0	           0	           0	           0	           0	           0	           0	           0	           0	        0	        0	        0	        0	        0	        0	        0
      -60	           0	           0	           0	           0	           0	           0	           0	           0	           0	           0	           0	           0	           0	           0	           0	           0	           0	           0	        0	        0	        0	        0	        0	        0	        0
      -59	           0	           0	           0	           0	           0	           0	           0	           0	           0	           0	           0	           0	           0	           0	           0	           0	           0	           0	        0	        0	        0	        0	        0	        0	        0
      -58	           0	           0	           0	           0	           0	           0	           0	           0	           0	           0	           0	           0	           0	           0	           0	           0	           0	           0	        0	        0	        0	        0	        0	        0	        0
      -57	           0	           0	           0	           0	           0	           0	           0	           0	           0	           0	           0	           0	           0	           0	           0	           0	           0	           0	        0	        0	        0	        0	        0	        0	        0
      -56	           0	           0	           0	           0	           0	           0	           0	           0	           0	           0	           0	           0	           0	           0	           0	           0	           0	           0	        0	        0	        0	        0	        0	        0	        0
      -55	           0	           0	           0	           0	           0	           0	           0	           0	           0	           0	           0	           0	           0	           0	           0	           0	           0	           0	        0	        0	        0	        0	        0	        0	        0
      -54	           0	           0	           0	           0	           0	           0	           0	           0	           0	           0	           0	           0	           0	           0	           0	           0	           0	           0	        0	        0	        0	        0	        0	        0	        0
      -53	           0	           0	           0	           0	           0	           0	           0	           0	           0	           0	           0	           0	           0	           0	           0	           0	           0	           0	        0	        0	        0	        0	        0	        0	        0
      -52	           0	           0	           0	           0	           0	           0	           0	           0	           0	           0	           0	           0	           0	           0	           0	           0	           0	           0	        0	        0	        0	        0	        0	        0	        0
      -51	           0	           0	           0	           0	           0	           0	           0	           0	           0	           0	           0	           0	           0	           0	           0	           0	           0	           0	        0	        0	        0	        0	        0	        0	        0
      -50	           0	           0	           0	           0	           0	           0	           0	           0	           0	           0	           0	           0	           0	           0	           0	           0	           0	           0	        0	        0	        0	        0	        0	        0	        0
      -49	           0	           0	           0	           0	           0	           0	           0	           0	           0	           0	           0	           0	           0	           0	           0	           0	           0	           0	        0	        0	        0	        0	        0	        0	        0
      -48	           0	           0	           0	           0	           0	           0	           0	           0	           0	           0	           0	           0	           0	           0	           0	           0	           0	           0	        0	        0	        0	        0	        0	        0	        0
      -47	           0	           0	           0	           0	           0	           0	           0	           0	           0	           0	           0	           0	           0	           0	           0	           0	           0	           0	        0	        0	        0	        0	        0	        0	        0
      -46	           0	           0	           0	           0	           0	           0	           0	           0	           0	           0	           0	           0	           0	           0	           0	           0	           0	           0	        0	        0	        0	        0	        0	        0	        0
      -45	           0	           0	           0	           0	           0	           0	           0	           0	           0	           0	           0	           0	           0	           0	           0	           0	           0	           0	        0	        0	        0	        0	        0	        0	        0
      -44	   0.0337966	  0.00653165	    -44.5092	     0.68972	    0.146129	     1.01775	    0.103738	   0.0171983	  0.000677511	  0.00029997	  0.000101797	         166	           0	           0	     1.23286	    0.704632	     59.3695	  -0.0180723	        0	        0	        0	        0	        0	        0	        0
      -43	   0.0659934	   0.0127541	    -44.0035	    0.661498	     0.14015	     1.02424	    0.104399	   0.0337966	  0.00133139	  0.00079992	  0.000102474	         322	           0	           0	     1.29694	    0.661044	     44.2997	  -0.0248447	        0	        0	        0	        0	        0	        0	        0
      -42	     0.10199	   0.0197109	    -43.4894	    0.663448	    0.140563	     1.04314	    0.106325	   0.0531947	  0.00209556	  0.00219978	  0.000104293	         488	  0.00029997	  0.00029997	     1.32009	    0.621425	     21.7572	   0.0723056	        0	        0	        0	        0	        0	        0	        0
      -41	    0.139586	   0.0269769	    -42.9517	    0.664628	    0.140813	     1.04728	    0.106747	   0.0730927	  0.00287942	  0.00329967	  0.000105125	         662	  0.00059994	  0.00059994	     1.33049	    0.586384	     19.7339	   0.0959525	        0	        0	        0	        0	        0	        0	        0
      -40	    0.172783	   0.0333926	    -42.4782	    0.669311	    0.141805	     1.06366	    0.108417	   0.0918908	  0.00361996	  0.00549945	  0.000106946	         805	  0.00089991	  0.00089991	     1.34462	    0.581244	     15.4041	   0.0652667	        0	        0	        0	        0	        0	        0	        0
      -39	    0.212779	   0.0411224	    -41.9166	    0.674843	    0.142977	     1.09023	    0.111125	    0.115988	  0.00456926	  0.00959904	  0.00010938	         969	  0.00119988	  0.00119988	     1.36852	    0.591332	     9.94265	   0.0293017	        0	        0	        0	        0	        0	        0	        0
      -38	    0.242776	   0.0469197	    -41.4963	    0.672937	    0.142574	     1.09473	    0.111584	    0.132887	  0.00523495	   0.0114989	  0.000110227	        1094	  0.00239976	  0.00231644	     1.37719	    0.591462	     9.66833	   0.0948226	        0	        0	        0	        0	        0	        0	        0
      -37	    0.276572	   0.0534513	    -41.0111	    0.674323	    0.142867	     1.10412	    0.112541	    0.152685	  0.00601488	   0.0143986	  0.000111624	        1229	  0.00329967	  0.00314969	     1.35798	    0.556024	     8.67924	   0.0846579	        0	        0	        0	        0	        0	        0	        0
      -36	     0.30477	   0.0589008	    -40.5932	    0.677308	      0.1435	     1.11352	    0.113499	    0.169683	  0.00668451	   0.0172983	  0.000113342	        1333	  0.00389961	  0.00374963	     1.33725	    0.524827	     8.12966	   0.0587252	        0	        0	        0	        0	        0	        0	        0
      -35	    0.338166	   0.0653552	    -40.0944	    0.682821	    0.144668	     1.12241	    0.114406	    0.189781	  0.00747626	   0.0206979	  0.000115098	        1456	  0.00449955	  0.00434957	     1.34498	    0.533508	      7.8729	   0.0542506	        0	        0	        0	        0	        0	        0	        0
      -34	    0.368963	   0.0713071	    -39.6282	    0.688257	    0.145819	      1.1355	     0.11574	    0.209479	  0.00825224	   0.0249975	  0.000116965	        1561	  0.00569943	  0.00541613	     1.34573	    0.535149	     7.33867	   0.0545611	        0	        0	        0	        0	        0	        0	        0
      -33	     0.40256	   0.0778001	    -39.1179	    0.688208	    0.145809	     1.14605	    0.116815	    0.230677	  0.00908731	   0.0293971	  0.000118626	        1674	  0.00809919	  0.00761591	     1.34573	    0.530926	     6.94239	   0.0703992	        0	        0	        0	        0	        0	        0	        0
      -32	    0.434357	   0.0839453	    -38.6345	    0.689693	    0.146124	     1.15608	    0.117837	    0.251075	  0.00989087	   0.0338966	  0.00012027	        1775	   0.0110989	    0.010149	     1.33432	    0.520869	     6.62655	    0.108567	        0	        0	        0	        0	        0	        0	        0
      -31	    0.466553	   0.0901677	    -38.1416	    0.694405	    0.147122	     1.17274	    0.119535	    0.273573	   0.0107772	    0.040296	  0.000122293	        1874	   0.0122988	   0.0111989	     1.34251	    0.532028	     6.19677	    0.088375	        0	        0	        0	        0	        0	        0	        0
      -30	     0.50235	   0.0970859	    -37.5961	    0.699104	    0.148117	      1.1871	    0.120999	     0.29817	   0.0117462	   0.0469953	  0.000125102	        1967	   0.0152985	    0.013782	     1.32358	    0.511609	     6.06348	   0.0928674	        0	        0	        0	        0	        0	        0	        0
      -29	    0.539946	    0.104352	    -37.0352	    0.704373	    0.149234	     1.20593	    0.122918	    0.325567	   0.0128254	   0.0555944	  0.000128517	        2054	   0.0179982	   0.0163484	     1.31792	    0.503949	     5.66518	    0.061792	        0	        0	        0	        0	        0	        0	        0
      -28	    0.570343	    0.110226	    -36.5803	    0.708905	    0.150194	     1.21844	    0.124194	    0.347465	   0.0136881	   0.0622938	  0.000130734	        2127	   0.0212979	   0.0192147	     1.31876	    0.513193	     5.42416	   0.0632702	        0	        0	        0	        0	        0	        0	        0
      -27	     0.60334	    0.116604	    -36.0826	    0.715302	    0.151549	     1.23699	    0.126084	    0.373163	   0.0147004	   0.0714929	  0.000133578	        2197	   0.0245975	   0.0217478	     1.30653	    0.498494	     5.08592	   0.0586441	        0	        0	        0	        0	        0	        0	        0
      -26	    0.636936	    0.123097	    -35.5784	    0.723063	    0.153194	     1.25557	    0.127978	     0.39986	   0.0157521	   0.0813919	  0.000136603	        2264	   0.0275972	   0.0239909	     1.31094	    0.507274	     4.87113	   0.0500683	        0	        0	        0	        0	        0	        0	        0
      -25	    0.668133	    0.129126	    -35.1085	    0.727993	    0.154238	     1.27088	    0.129538	    0.424558	   0.0167251	    0.090491	  0.000139512	        2320	   0.0311969	   0.0267607	     1.32147	    0.522967	      4.7426	    0.047966	        0	        0	        0	        0	        0	        0	        0
      -24	     0.70413	    0.136083	    -34.5667	    0.734969	    0.155716	      1.2948	    0.131977	    0.455854	    0.017958	     0.10379	  0.000143482	        2368	   0.0371963	   0.0312269	     1.33245	    0.541555	     4.44906	    0.036876	        0	        0	        0	        0	        0	        0	        0
      -23	    0.742726	    0.143542	    -33.9926	    0.742633	     0.15734	     1.31879	    0.134422	    0.489751	   0.0192933	    0.118388	  0.000147795	        2420	   0.0413959	   0.0341633	     1.34563	    0.561085	     4.28821	   0.0269265	        0	        0	        0	        0	        0	        0	        0
      -22	    0.780322	    0.150808	    -33.4375	    0.749382	     0.15877	     1.34162	    0.136749	    0.523448	   0.0206208	    0.133287	  0.000152279	        2463	   0.0455954	   0.0371196	     1.33714	    0.558983	     4.07501	  0.00433175	        0	        0	        0	        0	        0	        0	        0
      -21	    0.819118	    0.158306	    -32.8728	     0.75474	    0.159905	     1.35986	    0.138609	    0.556944	   0.0219403	    0.147385	  0.000155646	        2517	   0.0536946	   0.0430224	     1.32063	    0.545257	     3.98276	  0.00491067	        0	        0	        0	        0	        0	        0	        0
      -20	    0.858914	    0.165997	    -32.2999	     0.76127	    0.161289	     1.38231	    0.140896	    0.593641	   0.0233859	    0.164184	  0.000160007	        2554	   0.0632937	   0.0485185	     1.32748	    0.558561	     3.81715	   0.0126083	        0	        0	        0	        0	        0	        0	        0
      -19	     0.90131	     0.17419	    -31.6967	    0.766416	    0.162379	     1.39916	    0.142614	    0.630537	   0.0248394	    0.179882	  0.000164338	        2595	   0.0734927	   0.0557111	     1.32791	    0.562924	      3.8414	   0.0157387	        0	        0	        0	        0	        0	        0	        0
      -18	    0.939306	    0.181534	    -31.1624	    0.774385	    0.164067	     1.42091	    0.144831	    0.667333	    0.026289	     0.19768	  0.000169329	        2613	   0.0827917	   0.0618405	      1.3229	    0.555249	     3.79634	   0.0101259	        0	        0	        0	        0	        0	        0	        0
      -17	    0.982902	    0.189959	    -30.5555	    0.783165	    0.165927	     1.44639	    0.147428	    0.710829	   0.0280025	    0.219378	  0.000174888	        2638	   0.0917908	     0.06697	     1.31922	     0.56171	     3.72533	  0.00247231	        0	        0	        0	        0	        0	        0	        0
      -16	      1.0247	    0.198037	    -29.9818	    0.794371	    0.168302	     1.47424	    0.150267	    0.755324	   0.0297553	    0.242976	  0.000181494	        2645	   0.0989901	   0.0709191	     1.30794	    0.557201	     3.61042	  -0.0119962	        0	        0	        0	        0	        0	        0	        0
      -15	     1.07169	    0.207119	    -29.3467	     0.80391	    0.170323	     1.49543	    0.152427	     0.80132	   0.0315673	    0.265473	  0.000188079	        2655	    0.112189	   0.0793425	     1.30574	    0.559781	     3.58235	  -0.0237672	        0	        0	        0	        0	        0	        0	        0
      -14	     1.12029	    0.216511	    -28.7027	    0.814081	    0.172477	     1.52142	    0.155076	    0.852215	   0.0335722	    0.292071	  0.000194581	        2667	    0.126887	   0.0882083	     1.29383	    0.550873	     3.55449	  -0.0220774	        0	        0	        0	        0	        0	        0	        0
      -13	     1.16828	    0.225787	    -28.0779	    0.826555	     0.17512	     1.55341	    0.158336	    0.907409	   0.0357466	    0.323268	  0.000203265	        2648	    0.141886	   0.0971677	      1.2848	    0.541169	     3.51753	   -0.028353	        0	        0	        0	        0	        0	        0	        0
      -12	     1.22308	    0.236376	    -27.3795	    0.837723	    0.177486	     1.58682	    0.161742	    0.970403	   0.0382282	    0.358864	  0.000212279	        2634	    0.161684	    0.107717	      1.2855	    0.547555	     3.42045	  -0.0377488	        0	        0	        0	        0	        0	        0	        0
      -11	     1.27387	    0.246193	    -26.7468	    0.850547	    0.180203	     1.61743	    0.164861	      1.0302	   0.0405837	    0.393261	  0.000221694	        2611	    0.179982	    0.115584	     1.29585	    0.561756	     3.36985	  -0.0436047	        0	        0	        0	        0	        0	        0	        0
      -10	     1.32807	    0.256667	    -26.0826	    0.868686	    0.184047	     1.66029	    0.169231	     1.10249	   0.0434316	    0.438456	  0.000235084	        2555	     0.19768	    0.122521	     1.29634	    0.568636	     3.35213	  -0.0528422	        0	        0	        0	        0	        0	        0	        0
       -9	     1.38686	     0.26803	    -25.3792	    0.888959	    0.188342	     1.70541	    0.173829	     1.18258	   0.0465868	    0.489151	   0.0002486	        2509	    0.217778	    0.131428	     1.28068	    0.552184	     3.33558	  -0.0656594	        0	        0	        0	        0	        0	        0	        0
       -8	     1.44906	    0.280049	    -24.6559	    0.911491	    0.193115	     1.76208	    0.179605	     1.27667	   0.0502934	    0.552145	  0.00026317	        2459	    0.242076	    0.142652	      1.2751	    0.546455	     3.23145	  -0.0801017	        0	        0	        0	        0	        0	        0	        0
       -7	     1.51585	    0.292958	    -23.8993	    0.934574	    0.198006	      1.8186	    0.185367	     1.37836	   0.0542994	    0.620438	  0.000280783	        2392	    0.270273	    0.154175	     1.25695	    0.529775	     3.18193	  -0.0852056	        0	        0	        0	        0	        0	        0	        0
       -6	     1.58464	    0.306253	    -23.1428	    0.960285	    0.203453	     1.87822	    0.191444	     1.48815	   0.0586244	     0.69583	  0.000306208	        2276	     0.29937	    0.165681	     1.23522	    0.510716	     3.17232	    -0.10337	        0	        0	        0	        0	        0	        0	        0
       -5	     1.67023	    0.322795	    -22.2387	     1.00234	    0.212364	     1.97545	    0.201355	     1.64974	   0.0649899	    0.814619	  0.000337786	        2147	    0.347665	    0.180796	     1.23367	    0.514477	     3.10518	  -0.0944092	        0	        0	        0	        0	        0	        0	        0
       -4	     1.76262	    0.340651	     -21.309	     1.05594	     0.22372	       2.097	    0.213744	     1.84812	   0.0728049	    0.966803	  0.000384557	        1967	     0.39536	    0.196691	      1.2072	    0.494715	     3.00039	   -0.108136	        0	        0	        0	        0	        0	        0	        0
       -3	     1.86341	     0.36013	    -20.3449	     1.11229	    0.235657	     2.22258	    0.226544	     2.07079	   0.0815771	     1.13909	  0.000447318	        1763	    0.455654	    0.212742	      1.1873	    0.481342	     2.90665	   -0.112505	        0	        0	        0	        0	        0	        0	        0
       -2	      1.9852	    0.383667	    -19.2499	     1.20831	    0.256001	     2.43085	    0.247772	     2.41286	   0.0950524	     1.42026	  0.000559593	        1482	    0.522548	    0.227077	     1.14836	    0.459847	     2.80653	   -0.120233	        0	        0	        0	        0	        0	        0	        0
       -1	     2.15218	    0.415939	    -17.8708	     1.38541	    0.293523	     2.80552	    0.285962	       3.019	    0.118931	     1.94291	  0.00081509	        1081	    0.630837	    0.243998	     1.16663	    0.512373	      2.6945	   -0.117542	        0	        0	        0	        0	        0	        0	        0
        0	     2.57974	     0.49857	    -14.9637	     4.66873	    0.989154	     9.43465	    0.961658	     12.1695	    0.479406	     10.8796	    0.111011	           9	    0.964404	      0.2702	     1.09104	    0.475733	     2.01487	   0.0874947	        0	        0	        0	        0	        0	        0	        0
        1	      2.9987	    0.579539	    -12.8272	     7.35517	     1.55832	     14.8876	     1.51746	     22.3217	    0.879342	     20.8223	      0.4999	           2	      1.9531	    0.302148	     1.05174	    0.442132	     1.99658	        0.29	        0	        0	        0	        0	        0	        0	        0
        2	     3.15788	    0.610304	     -12.107	     7.15616	     1.51616	     14.5056	     1.47853	     22.9035	    0.902264	     21.3246	      0.4999	           2	     2.33677	    0.317292	     1.06918	    0.462344	     2.04837	    0.285637	        0	        0	        0	        0	        0	        0	        0
        3	     3.27867	    0.633648	      -11.57	      6.9891	     1.48076	     14.1823	     1.44557	     23.2495	    0.915893	     21.6101	      0.4999	           2	     2.62174	    0.332183	     1.06435	    0.459432	     2.11156	     0.28383	        0	        0	        0	        0	        0	        0	        0
        4	     3.37926	    0.653088	    -11.1215	     6.84595	     1.45044	     13.9018	     1.41699	      23.489	    0.925327	     21.7993	      0.4999	           2	     2.85811	    0.343255	     1.07032	    0.467642	     2.15998	      0.2795	        0	        0	        0	        0	        0	        0	        0
        5	     3.46125	    0.668934	    -10.7516	     6.72669	     1.42517	     13.6714	      1.3935	       23.66	    0.932066	     21.9294	      0.4999	           2	     3.06629	    0.354767	     1.07008	    0.466281	     2.18116	    0.276015	        0	        0	        0	        0	        0	        0	        0
        6	     3.53445	     0.68308	    -10.4151	     6.62229	     1.40305	     13.4682	     1.37279	     23.8013	    0.937632	     22.0341	      0.4999	           2	     3.24478	    0.364488	     1.07964	     0.47547	     2.20767	    0.275343	        0	        0	        0	        0	        0	        0	        0
        7	     3.60204	    0.696143	    -10.0983	     6.52604	     1.38266	     13.2798	     1.35358	     23.9171	    0.942193	     22.1161	      0.4999	           2	     3.42686	    0.373601	     1.07891	    0.472497	     2.22759	    0.273045	        0	        0	        0	        0	        0	        0	        0
        8	     3.66423	    0.708163	    -9.79945	     6.43927	     1.36427	      13.111	     1.33638	     24.0208	    0.946278	     22.1887	      0.4999	           2	     3.58614	    0.379378	     1.08477	    0.480168	     2.25153	    0.270978	        0	        0	        0	        0	        0	        0	        0
        9	     3.71383	    0.717748	    -9.55534	     6.37024	     1.34965	     12.9763	     1.32265	     24.0959	    0.949236	      22.239	      0.4999	           2	     3.70973	    0.386222	     1.09091	    0.487363	     2.27751	    0.269678	        0	        0	        0	        0	        0	        0	        0
       10	     3.76122	    0.726907	    -9.31503	     6.30589	     1.33601	     12.8527	     1.31005	     24.1709	    0.952191	     22.2903	      0.4999	           2	     3.83302	    0.393041	       1.092	    0.486136	     2.29436	    0.268114	        0	        0	        0	        0	        0	        0	        0
       11	     3.80562	    0.735487	    -9.08405	     6.24501	     1.32311	     12.7346	     1.29801	     24.2315	    0.954578	     22.3287	      0.4999	           2	     3.94611	    0.399303	     1.09096	    0.485307	     2.31715	    0.267817	        0	        0	        0	        0	        0	        0	        0
       12	     3.84582	    0.743256	     -8.8692	     6.19085	     1.31164	     12.6283	     1.28718	     24.2831	     0.95661	     22.3602	      0.4999	           2	      4.0487	    0.405435	     1.09127	    0.485165	     2.32686	    0.266135	        0	        0	        0	        0	        0	        0	        0
       13	     3.88361	     0.75056	    -8.66107	     6.14032	     1.30094	     12.5304	      1.2772	     24.3316	    0.958521	     22.3898	      0.4999	           2	     4.13869	     0.41071	     1.09533	    0.491862	     2.33811	    0.264985	        0	        0	        0	        0	        0	        0	        0
       14	     3.92061	     0.75771	    -8.45209	     6.09191	     1.29068	     12.4368	     1.26767	       24.38	    0.960427	     22.4197	      0.4999	           2	     4.23768	    0.416549	      1.0968	    0.494312	       2.346	    0.262825	        0	        0	        0	        0	        0	        0	        0
       15	       3.958	    0.764938	    -8.23502	     6.04288	     1.28029	     12.3425	     1.25805	     24.4258	    0.962231	     22.4468	      0.4999	           2	     4.32617	    0.422646	     1.10079	     0.49977	     2.35868	    0.261877	        0	        0	        0	        0	        0	        0	        0
       16	      3.9882	    0.770774	    -8.05506	     6.00387	     1.27203	     12.2677	     1.25043	     24.4631	      0.9637	      22.469	      0.9999	           1	     4.39726	     0.42821	     1.10109	    0.500245	     2.37092	    0.261694	        0	        0	        0	        0	        0	        0	        0
       17	      4.0186	    0.776648	    -7.86946	     5.96504	      1.2638	     12.1923	     1.24274	     24.4981	    0.965079	     22.4888	      0.9999	           1	     4.47945	    0.432395	     1.10075	    0.498922	     2.38068	    0.260129	        0	        0	        0	        0	        0	        0	        0
       18	      4.0474	    0.782214	    -7.68857	     5.92888	     1.25614	      12.122	     1.23557	     24.5312	    0.966387	     22.5075	      0.9999	           1	     4.54485	    0.436451	     1.09949	    0.498029	     2.38616	    0.258781	        0	        0	        0	        0	        0	        0	        0
       19	     4.07939	    0.788398	    -7.48314	     5.88868	     1.24762	     12.0444	     1.22766	     24.5668	    0.967789	     22.5271	      0.9999	           1	     4.62404	    0.442133	     1.10079	     0.49821	     2.40221	    0.258751	        0	        0	        0	        0	        0	        0	        0
       20	     4.10259	    0.792881	    -7.33061	     5.85978	      1.2415	     11.9879	      1.2219	     24.5906	    0.968727	     22.5393	      0.9999	           1	     4.68223	    0.446159	     1.10066	    0.498299	     2.40886	    0.258238	        0	        0	        0	        0	        0	        0	        0
       21	     4.12599	    0.797403	    -7.17289	     5.83087	     1.23537	     11.9312	     1.21613	      24.614	    0.969648	      22.551	      0.9999	           1	     4.73863	    0.450464	     1.09829	    0.494483	      2.4153	    0.257584	        0	        0	        0	        0	        0	        0	        0
       22	     4.15098	    0.802234	    -7.00038	      5.8002	     1.22887	     11.8717	     1.21006	     24.6396	    0.970657	     22.5641	      0.9999	           1	     4.80042	    0.454677	     1.09793	    0.494908	      2.4216	    0.256652	        0	        0	        0	        0	        0	        0	        0
       23	     4.17798	    0.807451	    -6.80973	     5.76742	     1.22193	     11.8081	     1.20358	      24.667	    0.971736	      22.578	      0.9999	           1	     4.86251	    0.459693	     1.09821	    0.496116	     2.43587	    0.256422	        0	        0	        0	        0	        0	        0	        0
       24	     4.19918	    0.811548	    -6.65679	     5.74171	     1.21648	      11.759	     1.19858	     24.6891	    0.972607	     22.5895	      0.9999	           1	     4.91951	    0.462938	     1.09812	    0.495278	      2.4404	    0.255128	        0	        0	        0	        0	        0	        0	        0
       25	     4.21818	     0.81522	    -6.51637	     5.71876	     1.21162	     11.7142	     1.19401	     24.7063	    0.973284	     22.5972	      0.9999	           1	      4.9699	    0.466713	     1.09676	    0.494533	     2.44556	    0.254431	        0	        0	        0	        0	        0	        0	        0
       26	     4.23878	    0.819201	    -6.36069	     5.69425	     1.20643	      11.667	     1.18919	     24.7268	    0.974092	     22.6074	      0.9999	           1	      5.0179	     0.47013	     1.09859	    0.496798	     2.44569	    0.253015	        0	        0	        0	        0	        0	        0	        0
       27	     4.26457	    0.824186	    -6.16193	     5.66356	     1.19993	     11.6083	     1.18321	     24.7522	    0.975092	     22.6199	      0.9999	           1	     5.08089	    0.474363	     1.09725	    0.495696	     2.45704	    0.253084	        0	        0	        0	        0	        0	        0	        0
       28	     4.28497	    0.828129	    -6.00158	      5.6396	     1.19485	     11.5614	     1.17844	     24.7702	    0.975801	     22.6277	      0.9999	           1	     5.12829	    0.478781	     1.09675	    0.495869	     2.46184	    0.251962	        0	        0	        0	        0	        0	        0	        0
       29	     4.30557	    0.832109	    -5.83646	     5.61561	     1.18977	     11.5154	     1.17374	     24.7901	    0.976585	     22.6373	      0.9999	           1	     5.17508	    0.482437	     1.09476	    0.494723	     2.46938	    0.251769	        0	        0	        0	        0	        0	        0	        0
       30	     4.32157	    0.835201	    -5.70542	     5.59684	     1.18579	      11.479	     1.17003	     24.8036	    0.977117	     22.6428	      0.9999	           1	     5.21768	    0.486027	     1.09256	    0.492187	     2.46933	    0.250425	        0	        0	        0	        0	        0	        0	        0
       31	     4.34037	    0.838834	    -5.54874	     5.57501	     1.18116	     11.4363	     1.16569	     24.8189	    0.977719	     22.6487	      0.9999	           1	     5.26387	    0.489666	     1.09371	    0.493376	     2.47226	    0.250017	        0	        0	        0	        0	        0	        0	        0
       32	     4.36076	    0.842777	     -5.3753	      5.5517	     1.17623	     11.3917	     1.16114	     24.8382	     0.97848	     22.6578	      0.9999	           1	     5.31187	    0.492356	     1.09424	    0.494904	     2.47397	    0.248375	        0	        0	        0	        0	        0	        0	        0
       33	     4.38216	    0.846912	    -5.19035	     5.52711	     1.17102	     11.3442	      1.1563	     24.8561	    0.979185	      22.665	      0.9999	           1	     5.35896	    0.496913	     1.09287	    0.493099	     2.48272	     0.24923	        0	        0	        0	        0	        0	        0	        0
       34	     4.39856	    0.850081	    -5.04609	     5.50841	     1.16705	      11.308	     1.15261	     24.8695	    0.979713	     22.6702	      0.9999	           1	     5.39526	    0.500061	     1.09223	     0.49157	     2.48886	    0.248956	        0	        0	        0	        0	        0	        0	        0
       35	     4.41016	    0.852323	      -4.942	     5.49513	     1.16424	     11.2821	     1.14997	     24.8779	    0.980043	     22.6728	      0.9999	           1	     5.42466	    0.502917	     1.09237	    0.491822	     2.49246	    0.248472	        0	        0	        0	        0	        0	        0	        0
       36	     4.42896	    0.855956	    -4.77064	     5.47413	     1.15979	     11.2424	     1.14592	     24.8961	     0.98076	     22.6816	      0.9999	           1	     5.46995	      0.5061	     1.08775	    0.485806	     2.49202	    0.247219	        0	        0	        0	        0	        0	        0	        0
       37	     4.44256	    0.858584	     -4.6443	     5.45891	     1.15657	     11.2131	     1.14294	     24.9075	    0.981209	     22.6862	      0.9999	           1	     5.49965	    0.508803	     1.08757	    0.487163	      2.4952	    0.246857	        0	        0	        0	        0	        0	        0	        0
       38	     4.45635	    0.861251	    -4.51383	     5.44351	      1.1533	     11.1839	     1.13995	     24.9196	    0.981686	     22.6914	      0.9999	           1	     5.53115	    0.511309	      1.0906	    0.490451	     2.49428	    0.245929	        0	        0	        0	        0	        0	        0	        0
       39	     4.47035	    0.863956	    -4.37926	      5.4279	        1.15	     11.1539	      1.1369	     24.9309	    0.982131	     22.6957	      0.9999	           1	     5.56174	    0.514407	     1.08733	    0.485468	     2.49855	    0.245811	        0	        0	        0	        0	        0	        0	        0
       40	     4.48815	    0.867396	    -4.20505	     5.40819	     1.14582	     11.1163	     1.13307	     24.9459	    0.982722	     22.7018	      0.9999	           1	     5.60044	    0.518451	     1.08665	    0.485445	     2.49946	    0.244917	        0	        0	        0	        0	        0	        0	        0
       41	     4.50455	    0.870565	    -4.04212	     5.39017	       1.142	      11.082	     1.12957	     24.9598	    0.983269	     22.7075	      0.9999	           1	     5.63764	    0.521483	      1.0857	    0.484868	     2.50064	    0.243958	        0	        0	        0	        0	        0	        0	        0
       42	     4.51755	    0.873077	    -3.91111	     5.37585	     1.13897	     11.0544	     1.12676	     24.9694	    0.983648	     22.7106	      0.9999	           1	     5.66703	    0.525324	      1.0859	    0.486781	      2.5012	    0.243463	        0	        0	        0	        0	        0	        0	        0
       43	     4.53315	    0.876092	    -3.75154	     5.35886	     1.13537	      11.022	     1.12346	     24.9822	    0.984152	     22.7156	      0.9999	           1	     5.69973	    0.528716	     1.08147	    0.483427	     2.50115	    0.242383	        0	        0	        0	        0	        0	        0	        0
       44	     4.54515	    0.878411	    -3.62683	     5.34577	      1.1326	     10.9969	     1.12089	     24.9912	    0.984506	     22.7186	      0.9999	           1	     5.72823	    0.531223	     1.08327	     0.48625	     2.50351	     0.24217	        0	        0	        0	        0	        0	        0	        0
       45	     4.56074	    0.881425	    -3.46232	     5.32883	     1.12901	     10.9645	      1.1176	     25.0032	    0.984979	     22.7228	      0.9999	           1	     5.76212	    0.534083	     1.08328	    0.487522	     2.50493	    0.241917	        0	        0	        0	        0	        0	        0	        0
       46	     4.57274	    0.883744	    -3.33382	     5.31594	     1.12628	     10.9398	     1.11507	     25.0124	    0.985341	      22.726	      0.9999	           1	     5.79002	    0.536653	     1.08204	    0.484324	     2.50538	    0.241582	        0	        0	        0	        0	        0	        0	        0
       47	     4.58434	    0.885986	    -3.20768	     5.30352	     1.12365	     10.9161	     1.11266	     25.0216	    0.985704	     22.7294	      0.9999	           1	     5.81582	    0.538911	     1.07917	    0.480081	     2.50802	    0.240889	        0	        0	        0	        0	        0	        0	        0
       48	     4.59694	    0.888421	    -3.06878	     5.28995	     1.12077	       10.89	        1.11	     25.0303	    0.986046	     22.7318	      0.9999	           1	     5.84402	    0.541693	     1.07728	    0.478254	     2.51245	    0.240596	        0	        0	        0	        0	        0	        0	        0
       49	     4.60994	    0.890933	    -2.92336	     5.27602	     1.11782	      10.863	     1.10724	     25.0388	    0.986381	     22.7338	      0.9999	           1	     5.87671	    0.545315	     1.07599	    0.477866	     2.51063	    0.239681	        0	        0	        0	        0	        0	        0	        0
       50	     4.62094	    0.893059	    -2.79861	     5.26424	     1.11532	     10.8404	     1.10495	     25.0465	    0.986685	      22.736	      0.9999	           1	     5.90341	    0.548166	     1.07674	    0.478311	     2.51441	    0.239686	        0	        0	        0	        0	        0	        0	        0
       51	     4.63614	    0.895996	    -2.62396	     5.24806	     1.11189	     10.8093	     1.10177	     25.0566	    0.987082	     22.7385	      0.9999	           1	     5.93701	    0.552422	     1.07574	    0.476146	     2.51682	    0.239341	        0	        0	        0	        0	        0	        0	        0
       52	     4.65013	    0.898701	     -2.4611	     5.23328	     1.10876	     10.7812	     1.09891	      25.067	    0.987492	     22.7419	      0.9999	           1	      5.9643	    0.555631	     1.07768	    0.480294	     2.51932	    0.238933	        0	        0	        0	        0	        0	        0	        0
       53	     4.66433	    0.901445	    -2.29387	     5.21839	     1.10561	     10.7524	     1.09598	     25.0765	    0.987866	     22.7443	      0.9999	           1	       5.997	    0.558899	     1.07803	    0.480896	     2.51717	    0.238145	        0	        0	        0	        0	        0	        0	        0
       54	     4.67773	    0.904035	    -2.13414	     5.20433	     1.10263	     10.7255	     1.09324	     25.0856	    0.988225	     22.7467	      0.9999	           1	      6.0288	    0.562952	     1.07972	    0.483572	     2.52007	    0.237917	        0	        0	        0	        0	        0	        0	        0
       55	     4.69013	    0.906431	    -1.98469	     5.19134	     1.09988	     10.7008	     1.09072	     25.0941	     0.98856	      22.749	      0.9999	           1	     6.05489	    0.566065	     1.07881	     0.48206	     2.52314	    0.237526	        0	        0	        0	        0	        0	        0	        0
       56	     4.70233	    0.908789	    -1.83547	     5.17874	     1.09721	     10.6767	     1.08826	     25.1028	    0.988902	     22.7516	      0.9999	           1	     6.08549	    0.568917	     1.07893	    0.481566	     2.52273	    0.236902	        0	        0	        0	        0	        0	        0	        0
       57	     4.71413	    0.911069	    -1.68944	     5.16649	     1.09461	     10.6535	     1.08589	      25.111	    0.989225	     22.7539	      0.9999	           1	     6.11219	    0.572459	     1.07834	    0.480946	     2.52683	    0.237013	        0	        0	        0	        0	        0	        0	        0
       58	     4.72633	    0.913427	    -1.53661	     5.15386	     1.09194	     10.6293	     1.08343	     25.1189	    0.989536	     22.7557	      0.9999	           1	     6.13859	    0.575661	     1.07734	    0.479313	     2.53126	     0.23716	        0	        0	        0	        0	        0	        0	        0
       59	     4.74073	    0.916209	    -1.35419	       5.139	     1.08879	     10.6012	     1.08057	     25.1288	    0.989926	     22.7584	      0.9999	           1	     6.16918	    0.579481	     1.07715	    0.480943	     2.53112	    0.237031	        0	        0	        0	        0	        0	        0	        0
       60	     4.75392	     0.91876	    -1.18524	     5.12545	     1.08592	     10.5755	     1.07794	     25.1376	    0.990273	     22.7606	      0.9999	           1	     6.19828	    0.582728	     1.07469	    0.478082	     2.53271	    0.236243	        0	        0	        0	        0	        0	        0	        0
       61	     4.76752	    0.921388	    -1.00927	     5.11153	     1.08297	      10.549	     1.07524	     25.1462	    0.990612	     22.7624	      0.9999	           1	     6.22558	    0.587016	      1.0733	    0.477013	     2.53579	    0.236282	        0	        0	        0	        0	        0	        0	        0
       62	     4.78112	    0.924016	   -0.831491	     5.09773	     1.08005	     10.5227	     1.07256	     25.1552	    0.990966	     22.7646	      0.9999	           1	     6.25287	    0.590276	     1.07415	    0.478923	     2.53928	    0.235885	        0	        0	        0	        0	        0	        0	        0
       63	     4.79192	    0.926103	   -0.688879	     5.08685	     1.07774	     10.5019	     1.07044	     25.1621	    0.991238	     22.7661	      0.9999	           1	     6.27687	    0.593272	     1.07545	    0.480679	     2.53949	    0.235666	        0	        0	        0	        0	        0	        0	        0
       64	     4.80412	    0.928461	   -0.525897	      5.0745	     1.07512	     10.4786	     1.06806	     25.1702	    0.991557	     22.7681	      0.9999	           1	     6.30237	    0.596881	      1.0755	    0.481266	     2.54087	    0.235501	        0	        0	        0	        0	        0	        0	        0
       65	     4.81552	    0.930664	      -0.372	     5.06302	     1.07269	      10.457	     1.06586	     25.1779	     0.99186	     22.7701	      0.9999	           1	     6.32457	    0.599332	     1.07569	    0.481053	     2.54357	     0.23575	        0	        0	        0	        0	        0	        0	        0
       66	     4.82892	    0.933253	   -0.189187	     5.04955	     1.06984	     10.4315	     1.06326	     25.1864	    0.992195	     22.7719	      0.9999	           1	     6.35426	    0.602656	     1.07758	    0.484152	     2.54848	    0.236009	        0	        0	        0	        0	        0	        0	        0
       67	     4.84132	     0.93565	  -0.0185643	      5.0372	     1.06722	     10.4084	     1.06091	     25.1951	    0.992538	     22.7744	      0.9999	           1	     6.38036	    0.605599	     1.07596	    0.482508	     2.54752	    0.235299	        0	        0	        0	        0	        0	        0	        0
       68	     4.85471	    0.938239	    0.167714	     5.02383	     1.06439	     10.3827	     1.05829	     25.2026	    0.992833	     22.7752	      0.9999	           1	     6.40496	    0.610335	     1.07621	     0.48283	     2.54787	    0.234809	        0	        0	        0	        0	        0	        0	        0
       69	     4.86791	     0.94079	    0.352998	     5.01075	     1.06162	      10.358	     1.05578	      25.211	    0.993164	      22.777	      0.9999	           1	     6.43136	    0.614422	      1.0744	    0.481218	     2.54782	    0.234282	        0	        0	        0	        0	        0	        0	        0
       70	     4.88031	    0.943186	    0.528793	     4.99848	     1.05902	     10.3347	      1.0534	     25.2183	    0.993452	     22.7781	      0.9999	           1	     6.45595	    0.618372	     1.07466	    0.481431	     2.54716	    0.234036	        0	        0	        0	        0	        0	        0	        0
       71	     4.89231	    0.945505	    0.700397	     4.98665	     1.05651	     10.3125	     1.05113	     25.2259	    0.993751	     22.7797	      0.9999	           1	     6.48085	     0.62148	     1.07415	    0.481247	     2.54535	    0.233475	        0	        0	        0	        0	        0	        0	        0
       72	     4.90651	    0.948249	    0.905281	     4.97273	     1.05356	     10.2864	     1.04847	     25.2351	    0.994114	     22.7818	      0.9999	           1	     6.50995	    0.625817	     1.07344	    0.482013	     2.54531	    0.232861	        0	        0	        0	        0	        0	        0	        0
       73	     4.91771	    0.950414	     1.06836	      4.9618	     1.05124	     10.2657	     1.04636	     25.2418	    0.994378	     22.7829	      0.9999	           1	     6.53215	      0.6294	     1.07158	    0.480873	     2.54595	     0.23225	        0	        0	        0	        0	        0	        0	        0
       74	     4.93251	    0.953274	      1.2858	     4.94738	     1.04819	     10.2383	     1.04357	     25.2503	    0.994712	      22.784	      0.9999	           1	     6.56034	    0.634965	     1.07021	    0.480111	     2.54631	    0.231833	        0	        0	        0	        0	        0	        0	        0
       75	     4.94551	    0.955786	     1.47815	     4.93477	     1.04552	     10.2145	     1.04115	      25.258	    0.995016	     22.7852	      0.9999	           1	     6.58464	    0.639391	     1.06661	    0.476413	     2.54809	    0.231373	        0	        0	        0	        0	        0	        0	        0
       76	      4.9619	    0.958955	     1.72274	     4.91894	     1.04216	     10.1845	     1.03809	     25.2674	    0.995386	     22.7864	      0.9999	           1	     6.61704	    0.644705	     1.06497	    0.475997	     2.55092	    0.231439	        0	        0	        0	        0	        0	        0	        0
       77	      4.9737	    0.961235	     1.90006	     4.90761	     1.03976	     10.1631	     1.03591	     25.2742	    0.995654	     22.7873	      0.9999	           1	     6.64044	     0.64872	     1.06475	    0.476227	     2.55236	     0.23101	        0	        0	        0	        0	        0	        0	        0
       78	      4.9899	    0.964366	     2.14549	      4.8921	     1.03648	     10.1339	     1.03293	     25.2835	     0.99602	     22.7885	      0.9999	           1	     6.67193	    0.654399	     1.06425	    0.477051	      2.5551	    0.230516	        0	        0	        0	        0	        0	        0	        0
       79	      5.0059	    0.967458	     2.38942	     4.87683	     1.03324	     10.1047	     1.02996	     25.2917	    0.996343	     22.7887	      0.9999	           1	     6.70463	    0.660156	     1.06082	    0.473256	     2.55767	     0.23051	        0	        0	        0	        0	        0	        0	        0
       80	      5.0195	    0.970086	      2.5982	     4.86391	     1.03051	     10.0805	     1.02749	     25.2996	    0.996654	     22.7898	      0.9999	           1	     6.73223	    0.664547	     1.05955	    0.474056	      2.5588	    0.230136	        0	        0	        0	        0	        0	        0	        0
       81	      5.0341	    0.972907	       2.824	     4.85009	     1.02758	     10.0547	     1.02486	     25.3081	    0.996989	      22.791	      0.9999	           1	     6.76072	    0.669364	     1.05842	    0.473682	     2.56049	    0.230018	        0	        0	        0	        0	        0	        0	        0
       82	      5.0487	    0.975729	     3.05169	     4.83632	     1.02466	     10.0286	      1.0222	     25.3157	    0.997288	     22.7913	      0.9999	           1	     6.78652	     0.67528	     1.05649	     0.47166	     2.56017	    0.229555	        0	        0	        0	        0	        0	        0	        0
       83	     5.06249	    0.978395	     3.26826	     4.82334	     1.02191	     10.0044	     1.01973	     25.3236	      0.9976	     22.7923	      0.9999	           1	     6.81172	    0.679835	     1.05347	    0.467758	     2.56093	    0.229408	        0	        0	        0	        0	        0	        0	        0
       84	     5.07829	    0.981449	     3.51785	     4.80854	     1.01878	     9.97657	      1.0169	      25.332	    0.997931	     22.7928	      0.9999	           1	     6.83992	    0.686593	     1.05486	    0.470565	      2.5583	    0.228479	        0	        0	        0	        0	        0	        0	        0
       85	     5.09209	    0.984115	     3.73714	     4.79567	     1.01605	      9.9524	     1.01443	     25.3393	    0.998218	     22.7932	      0.9999	           1	     6.86421	      0.6925	     1.05426	    0.470163	     2.55728	    0.227562	        0	        0	        0	        0	        0	        0	        0
       86	     5.10729	    0.987053	     3.98056	     4.78154	     1.01305	     9.92584	     1.01172	     25.3471	    0.998525	     22.7934	      0.9999	           1	     6.89091	    0.698989	     1.05061	    0.467633	     2.56011	     0.22728	        0	        0	        0	        0	        0	        0	        0
       87	     5.12469	    0.990415	     4.26056	     4.76544	     1.00964	     9.89577	     1.00866	     25.3564	    0.998892	      22.794	      0.9999	           1	     6.92031	    0.706399	      1.0462	    0.464668	     2.55942	    0.226302	        0	        0	        0	        0	        0	        0	        0
       88	     5.13989	    0.993352	     4.50667	     4.75144	     1.00668	     9.86966	       1.006	     25.3645	    0.999211	     22.7945	      0.9999	           1	     6.94581	    0.712647	     1.04587	    0.465269	     2.55886	    0.225819	        0	        0	        0	        0	        0	        0	        0
       89	     5.15608	    0.996483	     4.77049	     4.73657	     1.00353	     9.84183	     1.00316	     25.3727	    0.999534	     22.7946	      0.9999	           1	      6.9731	    0.720336	     1.04457	    0.465425	     2.55126	    0.224045	        0	        0	        0	        0	        0	        0	        0
       90	     5.17428	           1	     5.06853	     4.71993	           1	     9.81081	           1	      25.382	      0.9999	     22.7948	      0.9999	           1	      7.0025	    0.728661	     1.04506	    0.467057	     2.54916	    0.223406	        0	        0	        0	        0	        0	        0	        0
