 DVG (c)BIV v*.* 2012

 Distribution: [0] Read Input File
 File: F:\research\data_shuffled.txt
 Time type: [2] Left Point
 View type: [0] Look Down
 File type: [0] Just Interval Data
 Points: 10001
 Source Data Statistic
 SDS: Simple Data Statistic: Dat:      0.502	  (Err=   0.579, Qty= 10001, Min= 4.67e-05, Max=       1)
 SDS: Hurst (for equidistant data): 0.50255
 Full Visual Graph Parameters
 FAS: Degree:       5.15	  (Err=   0.731, Qty= 10001, Min=       2, Max=      35)
 FAS: DegRel:          1	  (Err=   0.731, Qty= 10001, Min=   0.389, Max=     6.8)
 FAS: Angles:       5.13	  (Err=    5.79, Qty= 25737, Min=     -45, Max=      90)
 FAS: Length:       5.01	  (Err=    7.31, Qty= 51474, Min= 4.67e-05, Max= 1.94e+03)
 FAS: LenRel:          1	  (Err=    7.31, Qty= 51474, Min= 9.32e-06, Max=     387)
 FAS: LInterval:       10.3	  (Err=    7.07, Qty= 51474, Min=       1, Max= 3.86e+03)
 FAS: LInterRel:          1	  (Err=    7.07, Qty= 51474, Min=   0.097, Max=     374)
 FAS: Thickness:       26.5	  (Err=   0.319, Qty= 10001, Min=       0, Max=      60)
 FAS: ThickRel:          1	  (Err=   0.319, Qty= 10001, Min=       0, Max=    2.26)
 FAS: NodeStack:         24	  (Err=   0.362, Qty= 10001, Min=       0, Max=      59)
 FAS: ClustSize:          1	  (Err=       0, Qty= 1, Min=       1, Max=       1)
 FAS: ClustQty:          1	  (Err=       0, Qty= 1, Min=       1, Max=       1)
 FAS: Triangles:       6.92	  (Err=    1.09, Qty= 10001, Min=       1, Max=      68)
 FAS: Connectiv:      0.727	  (Err=   0.367, Qty= 10001, Min=  0.0947, Max=       1)
 FAS: HurstPnts:       1.01	  (Err=   0.388, Qty= 44, Min=   0.376, Max=    1.62)
 FAS: HurstExp:      0.424	  (Err=       0, Qty= 1, Min=   0.424, Max=   0.424)
 FAS: Ass.Nmn:       2.54	  (Err=       0, Qty= 1, Min=    2.54, Max=    2.54)
 FAS: Ass.Stud:       0.24	  (Err=       0, Qty= 1, Min=    0.24, Max=    0.24)
>>>>  Angle          Degree	      DegRel	      Angles	      Length	      LenRel	   LInterval	   LInterRel	   Thickness	    ThickRel	   NodeStack	   ClustSize	    ClustQty	   Triangles	   Connectiv	   HurstPnts	    HurstExp	     Ass.Nmn	    Ass.Stud	
      -90	           0	           0	           0	           0	           0	           0	           0	           0	           0	           0	           0	           0	           0	           0	           0	           0	           0	           0	        0	        0	        0	        0	        0	        0	        0	  
      -89	           0	           0	           0	           0	           0	           0	           0	           0	           0	           0	           0	           0	           0	           0	           0	           0	           0	           0	        0	        0	        0	        0	        0	        0	        0	  
      -88	           0	           0	           0	           0	           0	           0	           0	           0	           0	           0	           0	           0	           0	           0	           0	           0	           0	           0	        0	        0	        0	        0	        0	        0	        0	  
      -87	           0	           0	           0	           0	           0	           0	           0	           0	           0	           0	           0	           0	           0	           0	           0	           0	           0	           0	        0	        0	        0	        0	        0	        0	        0	  
      -86	           0	           0	           0	           0	           0	           0	           0	           0	           0	           0	           0	           0	           0	           0	           0	           0	           0	           0	        0	        0	        0	        0	        0	        0	        0	  
      -85	           0	           0	           0	           0	           0	           0	           0	           0	           0	           0	           0	           0	           0	           0	           0	           0	           0	           0	        0	        0	        0	        0	        0	        0	        0	  
      -84	           0	           0	           0	           0	           0	           0	           0	           0	           0	           0	           0	           0	           0	           0	           0	           0	           0	           0	        0	        0	        0	        0	        0	        0	        0	  
      -83	           0	           0	           0	           0	           0	           0	           0	           0	           0	           0	           0	           0	           0	           0	           0	           0	           0	           0	        0	        0	        0	        0	        0	        0	        0	  
      -82	           0	           0	           0	           0	           0	           0	           0	           0	           0	           0	           0	           0	           0	           0	           0	           0	           0	           0	        0	        0	        0	        0	        0	        0	        0	  
      -81	           0	           0	           0	           0	           0	           0	           0	           0	           0	           0	           0	           0	           0	           0	           0	           0	           0	           0	        0	        0	        0	        0	        0	        0	        0	  
      -80	           0	           0	           0	           0	           0	           0	           0	           0	           0	           0	           0	           0	           0	           0	           0	           0	           0	           0	        0	        0	        0	        0	        0	        0	        0	  
      -79	           0	           0	           0	           0	           0	           0	           0	           0	           0	           0	           0	           0	           0	           0	           0	           0	           0	           0	        0	        0	        0	        0	        0	        0	        0	  
      -78	           0	           0	           0	           0	           0	           0	           0	           0	           0	           0	           0	           0	           0	           0	           0	           0	           0	           0	        0	        0	        0	        0	        0	        0	        0	  
      -77	           0	           0	           0	           0	           0	           0	           0	           0	           0	           0	           0	           0	           0	           0	           0	           0	           0	           0	        0	        0	        0	        0	        0	        0	        0	  
      -76	           0	           0	           0	           0	           0	           0	           0	           0	           0	           0	           0	           0	           0	           0	           0	           0	           0	           0	        0	        0	        0	        0	        0	        0	        0	  
      -75	           0	           0	           0	           0	           0	           0	           0	           0	           0	           0	           0	           0	           0	           0	           0	           0	           0	           0	        0	        0	        0	        0	        0	        0	        0	  
      -74	           0	           0	           0	           0	           0	           0	           0	           0	           0	           0	           0	           0	           0	           0	           0	           0	           0	           0	        0	        0	        0	        0	        0	        0	        0	  
      -73	           0	           0	           0	           0	           0	           0	           0	           0	           0	           0	           0	           0	           0	           0	           0	           0	           0	           0	        0	        0	        0	        0	        0	        0	        0	  
      -72	           0	           0	           0	           0	           0	           0	           0	           0	           0	           0	           0	           0	           0	           0	           0	           0	           0	           0	        0	        0	        0	        0	        0	        0	        0	  
      -71	           0	           0	           0	           0	           0	           0	           0	           0	           0	           0	           0	           0	           0	           0	           0	           0	           0	           0	        0	        0	        0	        0	        0	        0	        0	  
      -70	           0	           0	           0	           0	           0	           0	           0	           0	           0	           0	           0	           0	           0	           0	           0	           0	           0	           0	        0	        0	        0	        0	        0	        0	        0	  
      -69	           0	           0	           0	           0	           0	           0	           0	           0	           0	           0	           0	           0	           0	           0	           0	           0	           0	           0	        0	        0	        0	        0	        0	        0	        0	  
      -68	           0	           0	           0	           0	           0	           0	           0	           0	           0	           0	           0	           0	           0	           0	           0	           0	           0	           0	        0	        0	        0	        0	        0	        0	        0	  
      -67	           0	           0	           0	           0	           0	           0	           0	           0	           0	           0	           0	           0	           0	           0	           0	           0	           0	           0	        0	        0	        0	        0	        0	        0	        0	  
      -66	           0	           0	           0	           0	           0	           0	           0	           0	           0	           0	           0	           0	           0	           0	           0	           0	           0	           0	        0	        0	        0	        0	        0	        0	        0	  
      -65	           0	           0	           0	           0	           0	           0	           0	           0	           0	           0	           0	           0	           0	           0	           0	           0	           0	           0	        0	        0	        0	        0	        0	        0	        0	  
      -64	           0	           0	           0	           0	           0	           0	           0	           0	           0	           0	           0	           0	           0	           0	           0	           0	           0	           0	        0	        0	        0	        0	        0	        0	        0	  
      -63	           0	           0	           0	           0	           0	           0	           0	           0	           0	           0	           0	           0	           0	           0	           0	           0	           0	           0	        0	        0	        0	        0	        0	        0	        0	  
      -62	           0	           0	           0	           0	           0	           0	           0	           0	           0	           0	           0	           0	           0	           0	           0	           0	           0	           0	        0	        0	        0	        0	        0	        0	        0	  
      -61	           0	           0	           0	           0	           0	           0	           0	           0	           0	           0	           0	           0	           0	           0	           0	           0	           0	           0	        0	        0	        0	        0	        0	        0	        0	  
      -60	           0	           0	           0	           0	           0	           0	           0	           0	           0	           0	           0	           0	           0	           0	           0	           0	           0	           0	        0	        0	        0	        0	        0	        0	        0	  
      -59	           0	           0	           0	           0	           0	           0	           0	           0	           0	           0	           0	           0	           0	           0	           0	           0	           0	           0	        0	        0	        0	        0	        0	        0	        0	  
      -58	           0	           0	           0	           0	           0	           0	           0	           0	           0	           0	           0	           0	           0	           0	           0	           0	           0	           0	        0	        0	        0	        0	        0	        0	        0	  
      -57	           0	           0	           0	           0	           0	           0	           0	           0	           0	           0	           0	           0	           0	           0	           0	           0	           0	           0	        0	        0	        0	        0	        0	        0	        0	  
      -56	           0	           0	           0	           0	           0	           0	           0	           0	           0	           0	           0	           0	           0	           0	           0	           0	           0	           0	        0	        0	        0	        0	        0	        0	        0	  
      -55	           0	           0	           0	           0	           0	           0	           0	           0	           0	           0	           0	           0	           0	           0	           0	           0	           0	           0	        0	        0	        0	        0	        0	        0	        0	  
      -54	           0	           0	           0	           0	           0	           0	           0	           0	           0	           0	           0	           0	           0	           0	           0	           0	           0	           0	        0	        0	        0	        0	        0	        0	        0	  
      -53	           0	           0	           0	           0	           0	           0	           0	           0	           0	           0	           0	           0	           0	           0	           0	           0	           0	           0	        0	        0	        0	        0	        0	        0	        0	  
      -52	           0	           0	           0	           0	           0	           0	           0	           0	           0	           0	           0	           0	           0	           0	           0	           0	           0	           0	        0	        0	        0	        0	        0	        0	        0	  
      -51	           0	           0	           0	           0	           0	           0	           0	           0	           0	           0	           0	           0	           0	           0	           0	           0	           0	           0	        0	        0	        0	        0	        0	        0	        0	  
      -50	           0	           0	           0	           0	           0	           0	           0	           0	           0	           0	           0	           0	           0	           0	           0	           0	           0	           0	        0	        0	        0	        0	        0	        0	        0	  
      -49	           0	           0	           0	           0	           0	           0	           0	           0	           0	           0	           0	           0	           0	           0	           0	           0	           0	           0	        0	        0	        0	        0	        0	        0	        0	  
      -48	           0	           0	           0	           0	           0	           0	           0	           0	           0	           0	           0	           0	           0	           0	           0	           0	           0	           0	        0	        0	        0	        0	        0	        0	        0	  
      -47	           0	           0	           0	           0	           0	           0	           0	           0	           0	           0	           0	           0	           0	           0	           0	           0	           0	           0	        0	        0	        0	        0	        0	        0	        0	  
      -46	           0	           0	           0	           0	           0	           0	           0	           0	           0	           0	           0	           0	           0	           0	           0	           0	           0	           0	        0	        0	        0	        0	        0	        0	        0	  
      -45	           0	           0	           0	           0	           0	           0	           0	           0	           0	           0	           0	           0	           0	           0	           0	           0	           0	           0	        0	        0	        0	        0	        0	        0	        0	  
      -44	   0.0373963	   0.0072658	    -44.4927	    0.698436	    0.139478	     1.02139	   0.0990465	   0.0190981	  0.00071958	  0.00039996	  0.000102176	         183	           0	           0	     1.23474	    0.683227	     49.7937	  -0.0218579	        0	        0	        0	        0	        0	        0	        0	  
      -43	   0.0745925	   0.0144928	    -43.9992	    0.694117	    0.138616	     1.02949	    0.099832	   0.0383962	   0.0014467	  0.00109989	  0.000103028	         362	           0	           0	     1.29956	    0.639603	     36.9699	  -0.0303867	        0	        0	        0	        0	        0	        0	        0	  
      -42	    0.109789	   0.0213312	    -43.5193	    0.689093	    0.137612	       1.051	    0.101918	   0.0576942	  0.00217381	  0.00279972	  0.000105395	         518	  0.00089991	  0.00089991	     1.34249	    0.638279	     19.8435	    0.216162	        0	        0	        0	        0	        0	        0	        0	  
      -41	    0.147385	   0.0286358	    -43.0081	    0.695808	    0.138953	     1.06513	    0.103288	   0.0784922	  0.00295744	  0.00479952	  0.000107321	         682	  0.00149985	  0.00149985	     1.34794	    0.599005	     16.0049	     0.18353	        0	        0	        0	        0	        0	        0	        0	  
      -40	    0.176782	   0.0343474	    -42.5947	    0.696317	    0.139055	     1.07127	    0.103883	   0.0946905	  0.00356776	  0.00629937	  0.000108004	         811	  0.00239976	  0.00239976	     1.37038	    0.606671	     14.0889	    0.224743	        0	        0	        0	        0	        0	        0	        0	  
      -39	    0.207779	   0.0403699	    -42.1308	    0.695349	    0.138862	     1.08373	    0.105092	    0.112589	  0.00424213	  0.00869913	  0.000109467	         939	  0.00329967	  0.00329967	     1.38255	    0.610618	     11.9872	    0.203561	        0	        0	        0	        0	        0	        0	        0	  
      -38	    0.240176	   0.0466643	    -41.6451	     0.69245	    0.138282	     1.09575	    0.106258	    0.131587	  0.00495795	   0.0114989	  0.000111225	        1068	  0.00389961	  0.00389961	      1.3881	    0.606127	     10.9326	    0.162395	        0	        0	        0	        0	        0	        0	        0	  
      -37	    0.272373	   0.0529199	    -41.1588	    0.692664	    0.138325	     1.10499	    0.107154	    0.150485	  0.00566999	   0.0142986	  0.000112762	        1190	   0.0059994	   0.0059994	     1.37901	    0.590688	     9.92018	    0.188103	        0	        0	        0	        0	        0	        0	        0	  
      -36	     0.30497	   0.0592532	    -40.6586	    0.693209	    0.138434	     1.11148	    0.107782	    0.169483	   0.0063858	   0.0169983	  0.000113797	        1318	  0.00749925	  0.00749925	     1.37764	    0.584642	     9.54215	    0.186676	        0	        0	        0	        0	        0	        0	        0	  
      -35	    0.339366	   0.0659362	    -40.1355	    0.696275	    0.139047	     1.11786	    0.108401	    0.189681	  0.00714683	    0.019998	  0.000115283	        1445	  0.00929907	  0.00923241	     1.37641	    0.580394	      9.0668	    0.196297	        0	        0	        0	        0	        0	        0	        0	  
      -34	    0.378762	   0.0735906	    -39.5492	    0.702598	    0.140309	     1.13358	    0.109926	    0.214679	  0.00808868	   0.0252975	  0.00011771	        1580	    0.010199	   0.0100657	     1.37704	    0.575159	     8.39147	    0.142493	        0	        0	        0	        0	        0	        0	        0	  
      -33	    0.411359	   0.0799238	    -39.0705	    0.705293	    0.140847	     1.14633	    0.111162	    0.235776	  0.00888361	    0.030097	  0.000119431	        1687	   0.0125987	   0.0121655	      1.3788	    0.576059	     7.45251	    0.144877	        0	        0	        0	        0	        0	        0	        0	  
      -32	    0.445555	    0.086568	    -38.5627	    0.710156	    0.141819	     1.16293	    0.112772	    0.259074	  0.00976143	   0.0362964	  0.000121831	        1790	   0.0140986	   0.0132653	     1.37518	    0.566541	     6.89217	    0.121858	        0	        0	        0	        0	        0	        0	        0	  
      -31	    0.479952	    0.093251	     -38.057	    0.712926	    0.142372	     1.17542	    0.113983	    0.282072	   0.0106279	   0.0420958	  0.000123579	        1899	   0.0158984	   0.0149152	     1.37421	    0.570433	     6.28268	   0.0947216	        0	        0	        0	        0	        0	        0	        0	  
      -30	    0.514349	   0.0999339	    -37.5515	    0.714702	    0.142726	     1.18857	    0.115258	    0.305669	   0.0115171	   0.0484952	  0.000126234	        1985	    0.019798	   0.0186815	     1.37755	    0.578728	     6.11632	   0.0923805	        0	        0	        0	        0	        0	        0	        0	  
      -29	    0.545145	    0.105918	    -37.0971	    0.715791	    0.142944	     1.20323	     0.11668	    0.327967	   0.0123572	   0.0553945	  0.000128309	        2062	   0.0239976	   0.0220645	       1.364	    0.559701	     5.82911	      0.1095	        0	        0	        0	        0	        0	        0	        0	  
      -28	    0.579142	    0.112523	    -36.5944	    0.719334	    0.143651	     1.21823	    0.118135	    0.352765	   0.0132915	   0.0631937	  0.00013117	        2139	   0.0269973	   0.0244976	     1.35605	    0.551598	     5.52424	   0.0938945	        0	        0	        0	        0	        0	        0	        0	  
      -27	    0.612139	    0.118934	     -36.105	    0.721682	     0.14412	     1.23228	    0.119497	    0.377162	   0.0142108	   0.0710929	  0.000133245	        2222	    0.029997	    0.026814	      1.3334	    0.526239	     5.22506	   0.0838416	        0	        0	        0	        0	        0	        0	        0	  
      -26	    0.642536	     0.12484	    -35.6509	    0.725208	    0.144824	     1.24432	    0.120664	     0.39976	   0.0150622	   0.0784922	  0.000135193	        2295	   0.0332967	   0.0291971	     1.33178	    0.527798	     5.09884	   0.0882317	        0	        0	        0	        0	        0	        0	        0	  
      -25	    0.683932	    0.132883	     -35.037	    0.731506	    0.146082	     1.26667	    0.122831	    0.433157	   0.0163205	   0.0911909	  0.000139385	        2363	   0.0380962	     0.03313	     1.32396	      0.5219	     4.79191	   0.0593545	        0	        0	        0	        0	        0	        0	        0	  
      -24	    0.721128	     0.14011	    -34.4951	    0.737189	    0.147217	     1.27953	    0.124079	    0.461354	   0.0173829	     0.10079	  0.000142145	        2436	   0.0431957	   0.0370296	     1.31876	    0.523133	     4.73125	   0.0572075	        0	        0	        0	        0	        0	        0	        0	  
      -23	    0.753525	    0.146404	    -34.0215	    0.743364	     0.14845	     1.29724	    0.125796	    0.488751	   0.0184152	    0.111989	  0.000145458	        2485	   0.0461954	    0.039646	     1.31203	    0.520382	     4.63359	    0.033136	        0	        0	        0	        0	        0	        0	        0	  
      -22	    0.792321	    0.153942	    -33.4563	    0.751309	    0.150037	     1.31903	    0.127909	    0.522548	   0.0196886	    0.126387	  0.000149334	        2535	   0.0530947	   0.0447989	     1.31131	    0.523769	      4.3149	   0.0196681	        0	        0	        0	        0	        0	        0	        0	  
      -21	    0.830317	    0.161324	    -32.9095	    0.758869	    0.151546	     1.33911	    0.129857	    0.555944	   0.0209469	    0.140786	  0.000153058	        2587	   0.0578942	   0.0482785	     1.30066	     0.52026	     4.21635	  0.00973749	        0	        0	        0	        0	        0	        0	        0	  
      -20	    0.867313	    0.168512	    -32.3796	    0.764853	    0.152742	     1.35947	     0.13183	    0.589541	   0.0222128	    0.155884	  0.000156752	        2630	   0.0644936	   0.0526314	     1.30757	    0.536066	     4.06926	  0.00414739	        0	        0	        0	        0	        0	        0	        0	  
      -19	     0.90411	    0.175661	    -31.8545	    0.771761	    0.154121	        1.38	    0.133822	    0.623838	    0.023505	    0.171783	  0.000160524	        2666	   0.0728927	   0.0584442	     1.29628	    0.532651	     3.96373	  -0.00278493	        0	        0	        0	        0	        0	        0	        0	  
      -18	    0.945505	    0.183704	    -31.2692	    0.778473	    0.155461	     1.40165	    0.135921	    0.662634	   0.0249668	    0.189881	  0.000165499	        2694	   0.0812919	    0.063807	     1.30219	    0.545904	     3.86628	  -0.0040732	        0	        0	        0	        0	        0	        0	        0	  
      -17	    0.991301	    0.192602	    -30.6322	    0.790101	    0.157783	      1.4297	    0.138641	    0.708629	   0.0266998	    0.212979	  0.000171359	        2718	   0.0908909	   0.0690064	     1.28019	    0.527052	     3.75034	  -0.00970934	        0	        0	        0	        0	        0	        0	        0	  
      -16	      1.0349	    0.201072	    -30.0359	    0.797383	    0.159238	     1.45043	    0.140652	    0.750525	   0.0282784	    0.233077	  0.000177956	        2715	     0.10499	   0.0777322	     1.28246	    0.530968	     3.78354	  -0.00191016	        0	        0	        0	        0	        0	        0	        0	  
      -15	     1.07669	    0.209193	    -29.4718	    0.804637	    0.160686	     1.47233	    0.142775	    0.792621	   0.0298645	    0.254275	  0.000183965	        2716	    0.118788	    0.086498	     1.28241	     0.52655	     3.77994	  -0.000456878	        0	        0	        0	        0	        0	        0	        0	  
      -14	     1.12249	    0.218091	    -28.8609	    0.811471	    0.162051	     1.49457	    0.144931	    0.838816	    0.031605	    0.277572	  0.000191734	        2704	    0.131387	      0.0956	     1.28017	    0.523055	     3.73904	  -0.0156472	        0	        0	        0	        0	        0	        0	        0	  
      -13	     1.16608	    0.226561	    -28.2864	    0.821297	    0.164013	     1.52204	    0.147595	    0.887411	    0.033436	     0.30437	  0.000198977	        2691	    0.146085	     0.10432	     1.28654	    0.534867	     3.68424	  -0.0200701	        0	        0	        0	        0	        0	        0	        0	  
      -12	     1.21408	    0.235886	    -27.6618	    0.834281	    0.166606	     1.55378	    0.150673	    0.943206	   0.0355382	    0.336166	  0.000207255	        2680	    0.158984	    0.110471	     1.26803	    0.509707	     3.64567	  -0.0275089	        0	        0	        0	        0	        0	        0	        0	  
      -11	     1.26487	    0.245755	    -27.0132	    0.847731	    0.169292	     1.59194	    0.154374	      1.0068	   0.0379343	    0.374363	  0.000217819	        2640	    0.177282	     0.12005	     1.27639	    0.518861	     3.52773	  -0.0356903	        0	        0	        0	        0	        0	        0	        0	  
      -10	     1.31747	    0.255974	    -26.3524	    0.862167	    0.172175	       1.631	    0.158161	     1.07439	   0.0404811	    0.415658	  0.000229027	        2599	     0.19588	    0.128677	     1.28088	    0.531152	     3.52027	  -0.0361419	        0	        0	        0	        0	        0	        0	        0	  
       -9	     1.37246	    0.266659	    -25.6775	    0.878665	     0.17547	     1.67012	    0.161955	     1.14609	   0.0431823	    0.459854	  0.000243176	        2537	    0.213879	    0.137603	     1.27536	    0.534542	     3.47006	  -0.0568205	        0	        0	        0	        0	        0	        0	        0	  
       -8	     1.43806	    0.279403	    -24.8937	    0.901231	    0.179976	     1.72215	    0.167001	     1.23828	   0.0466559	    0.519248	  0.000262612	        2449	    0.235176	    0.147559	     1.25613	    0.516431	     3.34253	  -0.0804049	        0	        0	        0	        0	        0	        0	        0	  
       -7	     1.50345	    0.292109	    -24.1374	    0.923641	    0.184451	      1.7764	    0.172262	     1.33537	   0.0503141	    0.583642	  0.000283695	        2353	    0.261274	    0.156964	     1.26265	    0.537962	     3.30493	  -0.0936421	        0	        0	        0	        0	        0	        0	        0	  
       -6	     1.57284	    0.305591	    -23.3595	    0.951664	    0.190048	     1.83954	    0.178384	     1.44666	   0.0545073	    0.660234	  0.000306291	        2262	    0.291871	    0.168253	     1.26173	    0.544231	     3.32761	  -0.0988994	        0	        0	        0	        0	        0	        0	        0	  
       -5	     1.64244	    0.319113	    -22.6024	    0.982848	    0.196275	     1.91221	    0.185431	     1.57034	   0.0591676	    0.749125	  0.000331529	        2164	    0.325467	    0.179238	     1.24626	    0.534722	     3.27537	   -0.101578	        0	        0	        0	        0	        0	        0	        0	  
       -4	     1.73843	    0.337763	    -21.6016	     1.03579	    0.206848	     2.02738	    0.196599	     1.76222	   0.0663973	    0.893011	  0.000377561	        1991	    0.368963	    0.193277	      1.2254	    0.521965	     3.21201	    -0.11744	        0	        0	        0	        0	        0	        0	        0	  
       -3	     1.83542	    0.356607	    -20.6456	     1.09347	    0.218366	      2.1581	    0.209275	      1.9805	   0.0746216	     1.06279	  0.000434214	        1804	    0.425957	    0.207204	     1.21587	    0.527291	     3.14564	   -0.120474	        0	        0	        0	        0	        0	        0	        0	  
       -2	       1.963	    0.381396	    -19.4632	     1.18943	    0.237529	     2.35941	    0.228797	     2.31577	   0.0872538	     1.33427	  0.000549779	        1503	     0.49555	    0.221891	     1.19648	    0.524006	     3.03283	    -0.12928	        0	        0	        0	        0	        0	        0	        0	  
       -1	     2.13619	    0.415044	    -18.0038	     1.37194	    0.273977	     2.74827	    0.266506	     2.93541	    0.110601	     1.86731	  0.00079865	        1102	    0.608939	    0.239892	     1.14897	     0.49248	      2.8228	   -0.120974	        0	        0	        0	        0	        0	        0	        0	  
        0	     2.57114	    0.499553	    -15.0147	     4.99243	    0.996991	     10.0236	    0.972007	      12.886	    0.485521	     11.6004	      0.0999	          10	    0.960204	     0.26562	     1.07523	    0.465919	     2.08561	    0.103782	        0	        0	        0	        0	        0	        0	        0	  
        1	      3.0049	    0.583829	    -12.7994	     7.80218	      1.5581	     15.6841	     1.52092	     23.5645	    0.887868	     22.0621	      0.4999	           2	      2.0047	    0.296683	     1.05232	    0.432016	     1.98826	    0.312546	        0	        0	        0	        0	        0	        0	        0	  
        2	     3.17288	    0.616467	    -12.0445	     7.57378	     1.51249	     15.2492	     1.47875	      24.192	    0.911508	     22.6055	      0.9999	           1	     2.41716	    0.314606	     1.05203	    0.439393	     2.06925	    0.309582	        0	        0	        0	        0	        0	        0	        0	  
        3	     3.29807	     0.64079	    -11.4939	     7.38346	     1.47448	     14.8809	     1.44303	     24.5391	    0.924589	     22.8901	      0.9999	           1	     2.74263	    0.330086	     1.05571	    0.446602	     2.12242	    0.304617	        0	        0	        0	        0	        0	        0	        0	  
        4	     3.38506	    0.657691	    -11.1097	     7.24915	     1.44766	      14.619	     1.41763	      24.743	    0.932271	     23.0505	      0.9999	           1	      2.9568	    0.342378	     1.05459	    0.444491	     2.15545	    0.301374	        0	        0	        0	        0	        0	        0	        0	  
        5	     3.46605	    0.673427	    -10.7457	     7.12167	      1.4222	     14.3709	     1.39358	     24.9051	    0.938378	     23.1721	      0.9999	           1	     3.15208	    0.353543	      1.0587	    0.450064	     2.19661	    0.298665	        0	        0	        0	        0	        0	        0	        0	  
        6	     3.53285	    0.686405	    -10.4392	     7.01754	     1.40141	      14.169	       1.374	     25.0284	    0.943023	      23.262	      0.9999	           1	     3.31857	    0.364078	     1.05819	     0.44964	     2.21834	    0.296659	        0	        0	        0	        0	        0	        0	        0	  
        7	     3.58764	    0.697051	    -10.1808	     6.93281	     1.38448	     14.0013	     1.35773	     25.1158	    0.946316	      23.322	      0.9999	           1	     3.45235	    0.370459	     1.05558	    0.444738	     2.23362	     0.29319	        0	        0	        0	        0	        0	        0	        0	  
        8	     3.64224	    0.707658	    -9.91574	     6.84929	     1.36781	     13.8384	     1.34194	     25.2014	    0.949541	     23.3803	      0.9999	           1	     3.58824	    0.379766	     1.05598	     0.44693	     2.25231	    0.291377	        0	        0	        0	        0	        0	        0	        0	  
        9	     3.69343	    0.717605	    -9.66066	     6.77215	      1.3524	     13.6879	     1.32735	     25.2777	    0.952415	      23.431	      0.9999	           1	     3.71423	    0.386598	     1.05558	     0.44886	      2.2708	    0.289636	        0	        0	        0	        0	        0	        0	        0	  
       10	     3.73723	    0.726114	    -9.43616	     6.70761	     1.33951	     13.5642	     1.31535	     25.3463	       0.955	     23.4777	      0.9999	           1	     3.81772	    0.391619	     1.05235	    0.446338	     2.28981	    0.287994	        0	        0	        0	        0	        0	        0	        0	  
       11	     3.78142	    0.734701	    -9.20306	     6.64254	     1.32652	     13.4381	     1.30312	     25.4076	    0.957309	     23.5168	      0.9999	           1	     3.92361	    0.398462	     1.05155	    0.443148	     2.30492	     0.28602	        0	        0	        0	        0	        0	        0	        0	  
       12	     3.82002	      0.7422	     -8.9939	     6.58642	     1.31531	     13.3296	      1.2926	     25.4597	    0.959272	     23.5496	      0.9999	           1	       4.016	    0.403772	     1.05105	    0.444543	     2.31868	    0.284296	        0	        0	        0	        0	        0	        0	        0	  
       13	     3.86101	    0.750165	    -8.76543	     6.52735	     1.30351	     13.2145	     1.28144	     25.5106	    0.961193	     23.5801	      0.9999	           1	     4.10989	    0.410203	     1.05638	      0.4522	     2.33302	    0.283943	        0	        0	        0	        0	        0	        0	        0	  
       14	     3.90041	    0.757819	    -8.54069	     6.47114	     1.29229	     13.1057	     1.27089	     25.5588	    0.963009	     23.6086	      0.9999	           1	     4.20438	    0.415473	     1.05327	    0.446541	     2.35102	    0.282737	        0	        0	        0	        0	        0	        0	        0	  
       15	     3.93401	    0.764347	    -8.34384	     6.42401	     1.28288	     13.0142	     1.26202	      25.599	    0.964524	      23.632	      0.9999	           1	     4.28237	    0.420615	     1.05168	    0.442538	     2.35521	    0.280435	        0	        0	        0	        0	        0	        0	        0	  
       16	      3.9694	    0.771224	    -8.13097	     6.37562	     1.27321	      12.921	     1.25297	     25.6442	    0.966227	     23.6595	      0.9999	           1	     4.36606	    0.425433	     1.05513	    0.447544	     2.36749	    0.278727	        0	        0	        0	        0	        0	        0	        0	  
       17	      3.9964	     0.77647	    -7.96456	     6.33832	     1.26577	     12.8494	     1.24603	     25.6756	     0.96741	     23.6774	      0.9999	           1	     4.42606	    0.430488	     1.05648	    0.448565	     2.37418	    0.277959	        0	        0	        0	        0	        0	        0	        0	  
       18	       4.024	    0.781832	    -7.79009	     6.30012	     1.25814	     12.7745	     1.23877	     25.7023	    0.968416	     23.6903	      0.9999	           1	     4.48845	    0.436289	     1.05873	    0.452034	     2.38041	    0.276571	        0	        0	        0	        0	        0	        0	        0	  
       19	      4.0486	    0.786611	    -7.63041	     6.26672	     1.25147	     12.7094	     1.23245	     25.7275	    0.969365	     23.7032	      0.9999	           1	     4.54845	    0.439874	     1.05832	    0.450644	      2.3881	    0.275477	        0	        0	        0	        0	        0	        0	        0	  
       20	     4.07379	    0.791506	    -7.46245	     6.23299	     1.24473	     12.6449	     1.22621	     25.7564	    0.970454	     23.7195	      0.9999	           1	     4.60274	    0.443951	     1.05547	    0.449151	     2.39837	    0.274804	        0	        0	        0	        0	        0	        0	        0	  
       21	     4.09759	     0.79613	    -7.29999	     6.20105	     1.23835	     12.5833	     1.22023	     25.7806	    0.971365	     23.7318	      0.9999	           1	     4.66303	    0.447768	     1.05449	    0.447903	      2.4037	    0.273674	        0	        0	        0	        0	        0	        0	        0	  
       22	     4.12059	    0.800598	     -7.1397	     6.17064	     1.23228	     12.5247	     1.21455	     25.8046	     0.97227	     23.7443	      0.9999	           1	     4.72063	    0.452302	      1.0527	    0.445316	     2.40318	    0.271454	        0	        0	        0	        0	        0	        0	        0	  
       23	     4.14599	    0.805533	    -6.95833	      6.1373	     1.22562	     12.4609	     1.20836	     25.8314	    0.973279	     23.7584	      0.9999	           1	     4.78092	     0.45715	     1.05436	    0.448609	     2.40547	    0.269059	        0	        0	        0	        0	        0	        0	        0	  
       24	     4.16618	    0.809457	     -6.8108	     6.11086	     1.22034	     12.4095	     1.20338	     25.8502	    0.973988	     23.7671	      0.9999	           1	     4.82832	    0.460537	     1.05059	    0.441237	     2.40915	    0.268406	        0	        0	        0	        0	        0	        0	        0	  
       25	     4.18938	    0.813964	    -6.63726	     6.08077	     1.21433	     12.3516	     1.19776	     25.8727	    0.974835	      23.778	      0.9999	           1	     4.88801	    0.465189	      1.0483	    0.435482	     2.41528	    0.267862	        0	        0	        0	        0	        0	        0	        0	  
       26	     4.20978	    0.817927	    -6.48152	     6.05467	     1.20912	     12.3018	     1.19294	      25.894	    0.975638	     23.7891	      0.9999	           1	     4.93811	    0.468376	     1.04598	    0.430736	     2.42183	    0.267259	        0	        0	        0	        0	        0	        0	        0	  
       27	     4.23098	    0.822046	    -6.31613	     6.02754	      1.2037	     12.2494	     1.18785	     25.9135	    0.976372	      23.798	      0.9999	           1	       4.984	    0.472032	     1.03824	    0.420962	     2.42865	    0.266133	        0	        0	        0	        0	        0	        0	        0	  
       28	     4.24818	    0.825388	    -6.17919	     6.00546	     1.19929	     12.2066	      1.1837	     25.9279	    0.976915	     23.8038	      0.9999	           1	      5.0224	    0.475279	      1.0411	    0.425956	     2.43135	    0.266063	        0	        0	        0	        0	        0	        0	        0	  
       29	     4.26637	    0.828923	    -6.03137	     5.98243	     1.19469	     12.1626	     1.17943	      25.945	    0.977559	     23.8118	      0.9999	           1	     5.06079	    0.478586	     1.04227	    0.427601	     2.43626	    0.265448	        0	        0	        0	        0	        0	        0	        0	  
       30	     4.28337	    0.832226	     -5.8903	     5.96102	     1.19042	      12.122	      1.1755	     25.9615	    0.978181	     23.8198	      0.9999	           1	     5.10129	    0.481182	     1.04205	    0.426249	     2.43689	     0.26456	        0	        0	        0	        0	        0	        0	        0	  
       31	     4.30317	    0.836073	    -5.72291	     5.93625	     1.18547	     12.0738	     1.17082	     25.9777	    0.978791	     23.8261	      0.9999	           1	     5.14959	    0.485309	     1.04092	    0.424157	     2.43809	    0.263258	        0	        0	        0	        0	        0	        0	        0	  
       32	     4.31877	    0.839103	    -5.58852	     5.91668	     1.18156	     12.0357	     1.16712	     25.9896	    0.979239	     23.8302	      0.9999	           1	     5.18828	    0.489068	     1.04361	    0.426799	     2.43864	    0.262517	        0	        0	        0	        0	        0	        0	        0	  
       33	     4.33957	    0.843144	    -5.40579	      5.8909	     1.17641	     11.9862	     1.16233	     26.0074	     0.97991	     23.8376	      0.9999	           1	     5.23928	    0.493469	     1.04987	    0.436753	     2.44251	    0.261876	        0	        0	        0	        0	        0	        0	        0	  
       34	     4.35636	    0.846408	    -5.25572	     5.87017	     1.17227	      11.946	     1.15843	     26.0206	    0.980407	     23.8424	      0.9999	           1	     5.27767	    0.496724	     1.04883	    0.433232	     2.44871	    0.261859	        0	        0	        0	        0	        0	        0	        0	  
       35	     4.37216	    0.849477	    -5.11191	     5.85083	     1.16841	     11.9092	     1.15486	     26.0344	    0.980927	     23.8483	      0.9999	           1	     5.31637	    0.499425	     1.04542	    0.428539	      2.4527	    0.261421	        0	        0	        0	        0	        0	        0	        0	  
       36	     4.38936	    0.852819	    -4.95292	      5.8297	     1.16419	     11.8684	     1.15091	     26.0474	    0.981417	     23.8527	      0.9999	           1	     5.35926	    0.503117	     1.04298	    0.425618	     2.45368	    0.260992	        0	        0	        0	        0	        0	        0	        0	  
       37	     4.40276	    0.855422	    -4.82667	     5.81338	     1.16094	     11.8371	     1.14787	     26.0579	    0.981813	     23.8565	      0.9999	           1	     5.38836	    0.505828	      1.0454	    0.429264	     2.45544	    0.260405	        0	        0	        0	        0	        0	        0	        0	  
       38	     4.42156	    0.859074	    -4.64686	     5.79075	     1.15642	     11.7934	     1.14364	     26.0727	     0.98237	     23.8619	      0.9999	           1	     5.43276	    0.509797	      1.0456	    0.430312	     2.45802	    0.259284	        0	        0	        0	        0	        0	        0	        0	  
       39	     4.43996	    0.862649	    -4.46812	     5.76869	     1.15201	     11.7515	     1.13957	     26.0881	     0.98295	     23.8681	      0.9999	           1	     5.47295	    0.513311	     1.04712	    0.433269	     2.46446	    0.259207	        0	        0	        0	        0	        0	        0	        0	  
       40	     4.45415	    0.865408	    -4.32796	     5.75188	     1.14865	     11.7193	     1.13645	     26.0999	    0.983395	     23.8728	      0.9999	           1	     5.50535	    0.516461	     1.04612	    0.433282	     2.46821	    0.258686	        0	        0	        0	        0	        0	        0	        0	  
       41	     4.46955	      0.8684	    -4.17354	     5.73363	     1.14501	     11.6847	     1.13309	     26.1127	    0.983877	     23.8779	      0.9999	           1	     5.53865	    0.519554	     1.04331	    0.429957	     2.47183	    0.258229	        0	        0	        0	        0	        0	        0	        0	  
       42	     4.48355	    0.871119	    -4.03099	     5.71712	     1.14171	      11.653	     1.13002	     26.1235	    0.984284	     23.8817	      0.9999	           1	     5.57374	    0.522202	     1.04209	    0.427758	     2.47626	    0.257901	        0	        0	        0	        0	        0	        0	        0	  
       43	     4.49735	      0.8738	    -3.88822	     5.70101	     1.13849	     11.6223	     1.12704	     26.1348	     0.98471	     23.8861	      0.9999	           1	     5.60584	    0.524503	     1.04032	    0.424926	     2.47902	    0.257256	        0	        0	        0	        0	        0	        0	        0	  
       44	     4.51115	    0.876481	    -3.74318	     5.68485	     1.13527	     11.5914	     1.12404	     26.1453	    0.985105	     23.8897	      0.9999	           1	     5.63734	    0.527567	     1.04356	    0.430867	     2.47588	    0.256346	        0	        0	        0	        0	        0	        0	        0	  
       45	     4.52515	    0.879201	    -3.59395	     5.66851	       1.132	     11.5602	     1.12102	     26.1559	    0.985505	     23.8933	      0.9999	           1	     5.66913	    0.530813	     1.04539	    0.433222	     2.47943	     0.25626	        0	        0	        0	        0	        0	        0	        0	  
       46	     4.53915	    0.881921	    -3.44257	     5.65219	     1.12875	     11.5289	     1.11798	     26.1657	    0.985874	     23.8961	      0.9999	           1	     5.70453	    0.533803	     1.04668	    0.434477	     2.48333	     0.25594	        0	        0	        0	        0	        0	        0	        0	  
       47	     4.55314	    0.884641	    -3.28891	     5.63596	      1.1255	     11.4975	     1.11494	     26.1749	     0.98622	     23.8983	      0.9999	           1	     5.73393	    0.537812	     1.04727	     0.43586	     2.48696	    0.255942	        0	        0	        0	        0	        0	        0	        0	  
       48	     4.56514	    0.886972	     -3.1553	     5.62209	     1.12273	     11.4712	     1.11239	     26.1839	     0.98656	     23.9013	      0.9999	           1	     5.76212	    0.540053	     1.04782	    0.435648	     2.49122	    0.255962	        0	        0	        0	        0	        0	        0	        0	  
       49	     4.57634	    0.889148	    -3.02899	     5.60925	     1.12017	     11.4468	     1.11002	     26.1923	    0.986876	     23.9041	      0.9999	           1	     5.78612	    0.542978	     1.05035	    0.440577	     2.48902	    0.254981	        0	        0	        0	        0	        0	        0	        0	  
       50	     4.58854	    0.891518	    -2.88948	     5.59526	     1.11738	     11.4202	     1.10744	      26.201	    0.987204	     23.9067	      0.9999	           1	     5.81552	    0.545564	     1.04924	    0.438365	     2.49343	    0.254841	        0	        0	        0	        0	        0	        0	        0	  
       51	     4.59954	    0.893655	    -2.76184	     5.58271	     1.11487	     11.3966	     1.10515	     26.2095	    0.987524	     23.9097	      0.9999	           1	     5.83772	    0.548186	     1.05158	    0.442515	     2.49523	    0.254554	        0	        0	        0	        0	        0	        0	        0	  
       52	     4.61254	    0.896181	    -2.60887	      5.5678	     1.11189	     11.3677	     1.10235	     26.2169	    0.987803	     23.9106	      0.9999	           1	     5.86471	    0.552576	     1.05432	    0.446685	     2.49809	     0.25483	        0	        0	        0	        0	        0	        0	        0	  
       53	     4.62274	    0.898162	     -2.4873	     5.55633	      1.1096	     11.3461	     1.10025	      26.225	    0.988108	     23.9136	      0.9999	           1	     5.88901	    0.554026	     1.05534	    0.448479	     2.50068	    0.254326	        0	        0	        0	        0	        0	        0	        0	  
       54	     4.63414	    0.900377	    -2.34949	     5.54352	     1.10704	     11.3219	     1.09791	     26.2337	    0.988436	     23.9166	      0.9999	           1	     5.91391	    0.556943	      1.0564	    0.448662	     2.49932	    0.253325	        0	        0	        0	        0	        0	        0	        0	  
       55	     4.64634	    0.902747	     -2.2002	     5.52981	     1.10431	     11.2958	     1.09538	      26.242	    0.988748	     23.9188	      0.9999	           1	     5.93911	    0.559936	      1.0529	    0.443587	     2.50122	    0.252997	        0	        0	        0	        0	        0	        0	        0	  
       56	     4.65933	    0.905273	    -2.03919	     5.51521	     1.10139	      11.268	     1.09268	     26.2506	    0.989072	     23.9209	      0.9999	           1	      5.9661	    0.563709	     1.05124	    0.441705	     2.50306	     0.25298	        0	        0	        0	        0	        0	        0	        0	  
       57	     4.67193	     0.90772	    -1.88135	     5.50117	     1.09859	     11.2413	      1.0901	     26.2594	    0.989404	     23.9234	      0.9999	           1	       5.994	    0.567013	     1.05114	    0.440728	     2.50436	    0.252583	        0	        0	        0	        0	        0	        0	        0	  
       58	     4.68673	    0.910596	    -1.69377	     5.48472	      1.0953	     11.2099	     1.08705	      26.269	    0.989766	     23.9256	      0.9999	           1	      6.0282	    0.571556	     1.05345	    0.443456	     2.50632	      0.2518	        0	        0	        0	        0	        0	        0	        0	  
       59	     4.70113	    0.913393	    -1.50919	     5.46885	     1.09213	     11.1802	     1.08416	     26.2797	    0.990169	     23.9291	      0.9999	           1	     6.06029	      0.5747	       1.055	    0.446527	     2.50785	     0.25064	        0	        0	        0	        0	        0	        0	        0	  
       60	     4.71593	    0.916268	    -1.31785	     5.45258	     1.08888	     11.1493	     1.08117	     26.2896	    0.990542	     23.9316	      0.9999	           1	     6.09119	    0.579053	     1.05201	     0.44414	     2.50648	    0.249798	        0	        0	        0	        0	        0	        0	        0	  
       61	     4.72833	    0.918677	    -1.15567	     5.43896	     1.08616	     11.1234	     1.07866	     26.2976	    0.990843	     23.9334	      0.9999	           1	     6.11699	    0.582267	     1.05263	    0.445357	     2.51019	    0.249865	        0	        0	        0	        0	        0	        0	        0	  
       62	     4.74053	    0.921048	   -0.994421	      5.4257	     1.08351	     11.0982	     1.07622	     26.3057	    0.991148	     23.9354	      0.9999	           1	     6.14039	    0.585335	      1.0539	    0.447698	     2.51152	    0.249429	        0	        0	        0	        0	        0	        0	        0	  
       63	     4.75492	    0.923845	   -0.802342	        5.41	     1.08038	     11.0685	     1.07334	      26.315	    0.991499	     23.9375	      0.9999	           1	     6.16738	     0.58966	     1.05432	    0.448806	     2.51263	    0.249104	        0	        0	        0	        0	        0	        0	        0	  
       64	     4.77072	    0.926915	   -0.589428	     5.39287	     1.07696	      11.036	     1.07019	     26.3249	    0.991872	     23.9395	      0.9999	           1	     6.20308	    0.594879	      1.0545	    0.448975	     2.51644	    0.248717	        0	        0	        0	        0	        0	        0	        0	  
       65	     4.78252	    0.929207	   -0.428949	     5.38015	     1.07442	     11.0117	     1.06783	     26.3319	    0.992135	     23.9406	      0.9999	           1	     6.22858	    0.598006	     1.05303	    0.447525	     2.51802	    0.248338	        0	        0	        0	        0	        0	        0	        0	  
       66	     4.79812	    0.932238	   -0.214815	     5.36338	     1.07107	     10.9802	     1.06477	     26.3422	    0.992523	     23.9431	      0.9999	           1	     6.26037	     0.60238	     1.05365	     0.45042	     2.51808	    0.247783	        0	        0	        0	        0	        0	        0	        0	  
       67	     4.81392	    0.935307	  0.00426156	     5.34649	      1.0677	     10.9486	     1.06171	     26.3529	    0.992926	     23.9459	      0.9999	           1	     6.29187	    0.606982	     1.05286	    0.452036	     2.52093	     0.24748	        0	        0	        0	        0	        0	        0	        0	  
       68	     4.82752	    0.937949	    0.194432	     5.33201	      1.0648	     10.9211	     1.05904	     26.3609	    0.993228	     23.9471	      0.9999	           1	     6.31857	    0.611401	     1.05219	    0.452597	     2.52353	    0.247104	        0	        0	        0	        0	        0	        0	        0	  
       69	     4.83892	    0.940164	    0.355365	      5.3199	     1.06239	     10.8981	     1.05681	     26.3675	    0.993477	      23.948	      0.9999	           1	     6.34407	    0.615241	     1.05134	    0.452104	     2.52718	    0.247349	        0	        0	        0	        0	        0	        0	        0	  
       70	     4.85131	    0.942573	    0.532149	      5.3068	     1.05977	     10.8734	     1.05442	     26.3752	    0.993767	     23.9495	      0.9999	           1	     6.36926	    0.618866	     1.04926	    0.449908	     2.52746	    0.246661	        0	        0	        0	        0	        0	        0	        0	  
       71	     4.86431	    0.945098	    0.719215	     5.29309	     1.05703	     10.8475	     1.05191	     26.3829	    0.994057	     23.9507	      0.9999	           1	     6.39746	    0.622891	     1.05013	    0.452601	     2.53088	    0.246554	        0	        0	        0	        0	        0	        0	        0	  
       72	     4.87771	    0.947702	    0.913733	     5.27907	     1.05423	     10.8212	     1.04936	     26.3914	    0.994377	     23.9525	      0.9999	           1	     6.42416	    0.626354	     1.05146	    0.455029	     2.53249	    0.246119	        0	        0	        0	        0	        0	        0	        0	  
       73	     4.89051	    0.950188	     1.10098	     5.26567	     1.05156	     10.7958	      1.0469	     26.3986	    0.994648	     23.9533	      0.9999	           1	     6.44966	    0.630755	      1.0513	    0.454244	     2.53578	    0.246339	        0	        0	        0	        0	        0	        0	        0	  
       74	     4.90191	    0.952403	     1.26936	     5.25382	     1.04919	     10.7735	     1.04473	     26.4054	    0.994904	     23.9544	      0.9999	           1	     6.47335	    0.634108	     1.04898	    0.451688	     2.53429	    0.245408	        0	        0	        0	        0	        0	        0	        0	  
       75	     4.91691	    0.955317	     1.49266	     5.23827	     1.04608	     10.7441	     1.04187	     26.4138	    0.995221	     23.9553	      0.9999	           1	     6.50395	    0.639098	     1.04975	     0.45403	     2.53722	    0.245263	        0	        0	        0	        0	        0	        0	        0	  
       76	     4.93151	    0.958154	     1.71173	     5.22317	     1.04307	     10.7156	     1.03911	      26.422	     0.99553	     23.9562	      0.9999	           1	     6.53005	    0.644569	     1.04793	     0.45157	     2.53742	    0.245057	        0	        0	        0	        0	        0	        0	        0	  
       77	     4.94311	    0.960407	     1.88729	     5.21123	     1.04068	      10.693	     1.03693	     26.4284	    0.995771	     23.9568	      0.9999	           1	     6.55104	    0.648828	     1.04829	    0.451507	     2.53534	    0.244592	        0	        0	        0	        0	        0	        0	        0	  
       78	      4.9583	     0.96336	     2.11893	     5.19563	     1.03757	     10.6637	     1.03408	      26.437	    0.996095	     23.9578	      0.9999	           1	     6.58164	    0.653736	     1.04771	    0.451127	     2.53578	    0.243897	        0	        0	        0	        0	        0	        0	        0	  
       79	      4.9725	    0.966119	     2.33684	     5.18112	     1.03467	     10.6365	     1.03145	     26.4451	      0.9964	     23.9588	      0.9999	           1	     6.60864	    0.658584	     1.04609	    0.449083	     2.53906	    0.244002	        0	        0	        0	        0	        0	        0	        0	  
       80	      4.9873	    0.968994	     2.56578	     5.16606	     1.03166	     10.6081	     1.02869	     26.4529	    0.996694	     23.9592	      0.9999	           1	     6.63834	    0.663653	     1.04531	    0.449805	     2.53985	    0.243579	        0	        0	        0	        0	        0	        0	        0	  
       81	      5.0055	     0.97253	     2.84922	     5.14764	     1.02799	     10.5735	     1.02534	     26.4629	    0.997071	     23.9601	      0.9999	           1	     6.67163	    0.670493	     1.04212	    0.448025	      2.5422	    0.243064	        0	        0	        0	        0	        0	        0	        0	  
       82	      5.0169	    0.974745	     3.02776	     5.13615	     1.02569	     10.5521	     1.02326	     26.4695	    0.997319	      23.961	      0.9999	           1	     6.69293	    0.674519	     1.03741	    0.443151	     2.54079	    0.242456	        0	        0	        0	        0	        0	        0	        0	  
       83	      5.0349	    0.978241	     3.31194	     5.11806	     1.02208	     10.5184	     1.01999	     26.4796	      0.9977	     23.9621	      0.9999	           1	     6.72533	    0.681087	     1.03531	    0.443173	     2.54171	    0.242222	        0	        0	        0	        0	        0	        0	        0	  
       84	     5.05009	    0.981194	     3.55331	     5.10286	     1.01904	       10.49	     1.01724	     26.4878	    0.998009	     23.9627	      0.9999	           1	     6.75442	    0.686356	     1.02995	    0.437245	     2.54107	    0.241419	        0	        0	        0	        0	        0	        0	        0	  
       85	     5.06309	     0.98372	     3.76113	     5.08991	     1.01646	     10.4658	     1.01489	     26.4948	    0.998272	     23.9632	      0.9999	           1	     6.77722	    0.691477	     1.02894	    0.436652	     2.54241	    0.241314	        0	        0	        0	        0	        0	        0	        0	  
       86	     5.07689	    0.986401	     3.98317	     5.07621	     1.01372	     10.4402	     1.01241	     26.5019	    0.998544	     23.9635	      0.9999	           1	     6.80212	    0.696914	     1.02788	     0.43689	     2.54088	     0.24053	        0	        0	        0	        0	        0	        0	        0	  
       87	     5.09429	    0.989781	     4.26501	       5.059	     1.01028	     10.4081	      1.0093	     26.5109	    0.998883	     23.9638	      0.9999	           1	     6.83062	    0.704317	     1.02324	    0.433741	     2.54241	    0.240572	        0	        0	        0	        0	        0	        0	        0	  
       88	     5.11109	    0.993045	     4.53875	     5.04246	     1.00698	     10.3773	     1.00631	     26.5196	    0.999211	     23.9641	      0.9999	           1	     6.85821	    0.711622	     1.01497	    0.424059	     2.54351	    0.240619	        0	        0	        0	        0	        0	        0	        0	  
       89	     5.13069	    0.996853	     4.85953	     5.02326	     1.00315	     10.3416	     1.00285	     26.5297	    0.999591	     23.9644	      0.9999	           1	     6.89121	    0.719751	     1.00997	    0.418576	      2.5446	    0.240986	        0	        0	        0	        0	        0	        0	        0	  
       90	     5.14689	           1	     5.12598	     5.00747	    0.999993	     10.3122	    0.999996	     26.5378	    0.999896	     23.9644	      0.9999	           1	     6.91881	    0.727121	     1.01184	    0.423824	     2.54374	    0.240245	        0	        0	        0	        0	        0	        0	        0	  
